Betweeness runtime: 16.029
BC results:
Node # 	| Betweenness
3466 	| 0.0463241
937 	| 0.00943473
5233 	| 0
8579 	| 0.00967906
10310 	| 0.236544
15931 	| 0.0811862
17038 	| 0.262489
18720 	| 0
19607 	| 0.000824122
1854 	| 0.0291008
4583 	| 0.00918067
9572 	| 0.693788
10841 	| 0.0731131
13056 	| 0.0988168
14982 	| 0
16310 	| 0.27409
19640 	| 0.193926
23855 	| 0.0918681
24372 	| 0
24814 	| 0.148609
5052 	| 0.659576
899 	| 0.00155918
1796 	| 0
2287 	| 0.100497
3096 	| 0.0586531
3386 	| 0.0935581
4472 	| 0.0337514
5346 	| 0.29735
5740 	| 0
6094 	| 0.0134343
6376 	| 0
9124 	| 0.195
10235 	| 0.0553416
10427 	| 0.0679529
10597 	| 0.0318135
15159 	| 0.00490966
16148 	| 0.425058
16741 	| 0.0699096
18235 	| 0
18549 	| 0
19297 	| 0.187327
20511 	| 0.290599
20595 	| 0.176637
20613 	| 0.0667468
24371 	| 0.308824
24559 	| 0.301332
24731 	| 0
25102 	| 0.0419084
25271 	| 0.108846
25396 	| 0.0833135
1658 	| 0.0297685
4822 	| 0
6864 	| 0
7689 	| 0.674385
7926 	| 0.113602
10268 	| 0.0400479
12971 	| 0
18600 	| 0.0324934
20421 	| 0.0217837
20886 	| 0
21048 	| 0.0559383
22393 	| 0.0136023
23186 	| 0.0184502
23214 	| 0.0245144
23298 	| 0
23945 	| 0
24939 	| 0.029006
339 	| 0.131042
624 	| 0.117234
3731 	| 0
4743 	| 0.131308
5407 	| 0
6610 	| 0.344788
6700 	| 0.183611
8045 	| 0.123334
9099 	| 0
9639 	| 0.08217
9785 	| 0.195943
12141 	| 0.0162747
15184 	| 0.0427608
15784 	| 0.0204283
18719 	| 0.0365737
19870 	| 0.0412503
20532 	| 0.0375073
22527 	| 0.0940574
23576 	| 0.0163443
23577 	| 0
23649 	| 0
24199 	| 0.0222535
24293 	| 0.124968
25201 	| 0.012923
10243 	| 0.0385798
6774 	| 0.0595866
8049 	| 0
8053 	| 0
8517 	| 0.00446483
11964 	| 0.0582583
15538 	| 0.0662494
16694 	| 0.0175313
18648 	| 0.00212611
19423 	| 0.191603
21012 	| 0.314614
22457 	| 0.338905
22691 	| 0.26404
23452 	| 0.0326565
16174 	| 0.00422738
16470 	| 0
17822 	| 0
14265 	| 0.532881
392 	| 0
2485 	| 0
2949 	| 0.0980034
3173 	| 0
3441 	| 0.0385353
3593 	| 0.02967
3853 	| 0
3927 	| 0
3937 	| 0.00300554
3939 	| 0.0528658
5107 	| 0.310919
5218 	| 0
5230 	| 0.0109487
6030 	| 0.0238742
7350 	| 0.212059
7504 	| 0.0610304
7601 	| 0
8718 	| 0
9522 	| 0.0600005
11621 	| 0.0275726
12498 	| 0.0149471
12691 	| 0
15251 	| 0
16020 	| 0.050345
16261 	| 0
17156 	| 0
17626 	| 0.117793
18622 	| 0
19059 	| 0.040894
19525 	| 0
19738 	| 0.0523004
20122 	| 0.0875027
20432 	| 0.0245115
21866 	| 0
22074 	| 0.142373
23721 	| 0
8916 	| 0.0652742
13556 	| 0.319479
14485 	| 0.634743
8612 	| 0.128724
615 	| 0.0970145
743 	| 0.0376515
2076 	| 0
4515 	| 0.0182007
5773 	| 0
9482 	| 0.112924
10822 	| 0
11175 	| 0.0114684
11604 	| 0
14004 	| 0
15003 	| 0.0899102
15552 	| 0.133414
15814 	| 0.0910625
16083 	| 0.048641
17932 	| 0.0625164
20001 	| 0
20100 	| 0.121166
23481 	| 0
16258 	| 0.0546866
1356 	| 0.0067985
1727 	| 0.0758139
2752 	| 0.00494145
4125 	| 0.0165049
6667 	| 0
6825 	| 0
10039 	| 0.032649
10351 	| 0
11082 	| 0.0304127
14123 	| 0.0719692
16676 	| 0
21194 	| 0
10912 	| 0.00408607
14534 	| 0.0421135
17268 	| 0.0146835
19783 	| 0
21705 	| 0.0119371
22836 	| 0.00408607
2710 	| 0.603744
62 	| 0.0537642
106 	| 0.0491472
260 	| 0.0321648
2959 	| 0.0254734
3677 	| 0.078564
4708 	| 0
5172 	| 0.12914
5541 	| 0.0344744
5794 	| 9.43363e-005
5807 	| 0.102796
6575 	| 0.0609622
8458 	| 0
10601 	| 0
11401 	| 0
13026 	| 0.0107962
13205 	| 0.0159281
13659 	| 0.117393
13989 	| 0.0975427
14007 	| 0.0055859
14009 	| 0.0135731
14599 	| 0.688371
15301 	| 0
18757 	| 0.0525353
20934 	| 0.0104349
21543 	| 0.0367663
22184 	| 0.0449105
23647 	| 0.137173
23708 	| 0.346392
25916 	| 0.0731055
26023 	| 0
26051 	| 0.0081741
26100 	| 0
214 	| 0.0369173
5435 	| 0
6512 	| 0.0481136
10590 	| 0.0267963
23559 	| 0
1765 	| 0.0594361
3032 	| 0.0632882
5302 	| 0.140765
7383 	| 0.105025
7442 	| 0.197052
7768 	| 0.132559
13276 	| 0.368586
17266 	| 0.0569134
22415 	| 0.0642803
10794 	| 0
7050 	| 0.0190554
25850 	| 0
10113 	| 0.0292962
10657 	| 0
12130 	| 0.0916509
17172 	| 0.0109963
4846 	| 0.0617116
676 	| 0.265375
824 	| 0.0112974
2133 	| 0.00127833
2654 	| 0.459038
4748 	| 0.00284779
5672 	| 0
10549 	| 0.00103451
12928 	| 0
13220 	| 0.0261606
14419 	| 0.0055168
17330 	| 0.0246973
17439 	| 0.0787305
18487 	| 0.1431
20850 	| 0.0697048
22779 	| 0
23382 	| 0.235301
24029 	| 0.000865696
11785 	| 0.268636
45 	| 0.0250276
46 	| 0
570 	| 0.0752779
773 	| 0.0256121
1653 	| 0.0695024
2212 	| 0.00267185
2741 	| 0.158425
2952 	| 3.77959e-006
3372 	| 0.00190496
4046 	| 0
4164 	| 0.117044
4511 	| 0.0025458
4513 	| 0
5262 	| 0
6179 	| 0.00817788
6830 	| 3.77959e-006
7956 	| 0.032334
8879 	| 3.77959e-006
11241 	| 0.0330179
11472 	| 3.77959e-006
12365 	| 0.303273
12496 	| 0.0212853
12678 	| 0.0200993
12781 	| 0.159048
12851 	| 3.77959e-006
14540 	| 0.0100602
14807 	| 0.0802614
15659 	| 3.77959e-006
16159 	| 0.0209139
17655 	| 0.486091
17692 	| 3.77959e-006
18894 	| 0.032573
19961 	| 3.77959e-006
20108 	| 3.77959e-006
20562 	| 3.77959e-006
20635 	| 0.00270028
21281 	| 0.260423
21508 	| 0.0871789
21847 	| 0.00192485
22798 	| 0.125014
22887 	| 0.0304159
23293 	| 0.191409
24955 	| 0.0126902
25346 	| 0.0572656
25758 	| 0.224088
934 	| 0.0210253
5579 	| 0
9755 	| 0.126887
10550 	| 0
16032 	| 0.191629
17331 	| 0
17603 	| 0.0022855
20644 	| 0.000853661
22497 	| 0
23387 	| 0
23907 	| 0.00832148
24924 	| 0.309433
25080 	| 0.0241968
12422 	| 0
1339 	| 0.000947885
3164 	| 0.00299935
15580 	| 0.00130521
16393 	| 0
20478 	| 0.280894
20956 	| 0
3890 	| 0.0565903
5621 	| 0.0287553
8824 	| 0
11613 	| 0
12306 	| 0
12860 	| 0
14547 	| 0
18182 	| 0.0131583
21707 	| 0
24696 	| 0.27484
2661 	| 0.00408615
7899 	| 0.0111505
8067 	| 0
8208 	| 0.00876791
11132 	| 0.00817516
11402 	| 0
12980 	| 0.00837319
13364 	| 0.018111
14969 	| 3.19842e-006
16389 	| 0.0999229
18109 	| 0.0125645
18365 	| 0.167412
23038 	| 0.429518
24845 	| 0.00409025
25379 	| 0
13740 	| 0.0477855
4550 	| 0.183653
4702 	| 0
7264 	| 0.0802987
13096 	| 0.450447
14128 	| 0.000558867
19489 	| 0.111636
19527 	| 0.00540219
19784 	| 0
22476 	| 0.0501316
25006 	| 0.353331
25486 	| 0.0130262
26 	| 0
1407 	| 0.00213123
1488 	| 0.44681
8219 	| 0
10762 	| 0.462698
11801 	| 0.0564747
12665 	| 0
12688 	| 0
13142 	| 0.428516
15108 	| 0.246156
15321 	| 0.0342597
20647 	| 0.0116551
20827 	| 0.164935
20879 	| 0.153354
23614 	| 0.307327
3909 	| 0.149522
17979 	| 0.0145187
3872 	| 0.0309696
5109 	| 0
7533 	| 0.0160177
12409 	| 0.000203757
20101 	| 0
23096 	| 0
8862 	| 0.0233839
78 	| 0.00674436
4877 	| 0
7459 	| 0.133863
8254 	| 0.0668585
12155 	| 0
22598 	| 0.186275
24932 	| 0.114079
888 	| 0
1520 	| 0
6468 	| 0.0658515
6627 	| 0
7007 	| 0.410783
7712 	| 0.0937804
10711 	| 0.202903
13614 	| 0.151724
14102 	| 0.0308132
18517 	| 0.0088922
18676 	| 0.0415408
23351 	| 0.0045848
23689 	| 0
24114 	| 0
2465 	| 0.0182322
2592 	| 0
3977 	| 0.0187206
5055 	| 0
5993 	| 0.107569
9265 	| 0
12334 	| 0.13941
19890 	| 0.01979
20341 	| 0
21560 	| 0
17309 	| 0
24833 	| 0.080393
543 	| 0.116641
1958 	| 0.168678
2193 	| 0.000233069
3917 	| 0
6858 	| 0
8148 	| 0
9092 	| 0.00286547
12478 	| 0.0663268
15366 	| 0
18125 	| 0
18398 	| 0
19675 	| 0.00686188
21806 	| 0.0484995
23693 	| 0.00333859
26196 	| 0.000259296
10115 	| 1.96682e-006
10134 	| 0
23916 	| 0
7893 	| 0.04458
593 	| 0.0410791
5510 	| 0.0252352
9360 	| 0.114793
12627 	| 0.0298638
16778 	| 0.0130737
18037 	| 0
18051 	| 0.0607072
13385 	| 0
19578 	| 0
12386 	| 0
13333 	| 0
23896 	| 0.0183007
8978 	| 0
9017 	| 0.157722
15170 	| 0
15455 	| 0.0919577
16589 	| 0.00938219
2255 	| 0.0115176
3056 	| 0
6158 	| 0
7307 	| 0.351364
7324 	| 0.0124659
8365 	| 0.0318296
9023 	| 0
11444 	| 0.00695814
12324 	| 0.00584625
12472 	| 0.0628156
13831 	| 0.0316875
14746 	| 0.436853
16128 	| 0.000506146
17075 	| 0.125702
18875 	| 0.0306062
19900 	| 0.0105097
20000 	| 0.0198235
20806 	| 0
21944 	| 0
21968 	| 0.103007
23302 	| 0
23665 	| 0.0738456
23758 	| 0
24722 	| 0
12045 	| 0
12287 	| 0
14181 	| 0.135978
20257 	| 0.000505937
21613 	| 0.00817508
7510 	| 0
197 	| 0
8851 	| 0.0773422
1343 	| 0
2991 	| 0.00220666
8299 	| 0
15416 	| 0
18088 	| 0.0293077
25286 	| 0.0554842
1254 	| 0.00315545
3420 	| 0.0112973
10130 	| 0.168074
2250 	| 0
3243 	| 0.0128963
7717 	| 0
7985 	| 0.182736
11015 	| 0.0502633
12085 	| 0.0161762
13714 	| 0
14767 	| 0
16056 	| 0.0996225
16994 	| 0.293028
17414 	| 0.0555799
18971 	| 0
19216 	| 0
20534 	| 0
21776 	| 0.0475834
21860 	| 0.0290139
25205 	| 0
178 	| 0.0237953
1248 	| 0.00421358
1403 	| 0.0391577
2368 	| 0.0663519
2420 	| 0.0326787
16210 	| 0.0689113
18681 	| 0.00851192
20641 	| 0
24762 	| 0.0269021
2307 	| 0
6934 	| 0.11971
22423 	| 0.122198
231 	| 0.208508
345 	| 0.00685802
1186 	| 0.0269
1234 	| 0.061583
1841 	| 0
1997 	| 0
2404 	| 0.00914092
2450 	| 0
2980 	| 0.0294586
3409 	| 0.0201604
5134 	| 0.000159577
5578 	| 0
8503 	| 0.06954
9341 	| 0
9889 	| 0.205328
12503 	| 0.000296096
13060 	| 2.45852e-007
13597 	| 0.169245
16611 	| 0
18208 	| 0.322708
18543 	| 0.0411938
18866 	| 0.407238
22421 	| 0.000943377
22937 	| 0.0225141
23363 	| 0.0112798
23628 	| 0
25053 	| 0.00768706
25251 	| 0
2982 	| 0
4036 	| 0.0175789
4115 	| 1.31121e-006
12938 	| 0.000158433
13032 	| 0
19215 	| 0
21432 	| 0.149934
22726 	| 0
22834 	| 0.00283193
22966 	| 0
23511 	| 0
25528 	| 0
25836 	| 0.000160072
14376 	| 0
8710 	| 0
22483 	| 0.0380905
1375 	| 0.0081741
2846 	| 0.134822
5555 	| 0.0275174
5564 	| 0.0553761
5787 	| 0.0596012
9721 	| 0.0081741
10158 	| 0
10942 	| 0.088599
13600 	| 0
13929 	| 0.6658
21075 	| 0.134976
21316 	| 0
22900 	| 0
23637 	| 0.0468807
23770 	| 0.135388
25143 	| 0.00239572
25601 	| 0
25980 	| 0
17394 	| 0
18924 	| 0.0200393
3113 	| 0.112744
8312 	| 0.0081741
10765 	| 0
17538 	| 0
25978 	| 0
1172 	| 0.0490102
5674 	| 0
26194 	| 0
375 	| 0
1838 	| 0
12733 	| 0.044495
7188 	| 0.0530411
896 	| 0.00165347
921 	| 0
1508 	| 0
6815 	| 0.00158186
7209 	| 2.60911e-005
8279 	| 0.0011063
13008 	| 0.1296
18605 	| 0
21158 	| 0
4632 	| 0
7844 	| 0.0312462
11053 	| 0
11148 	| 0.00181481
13411 	| 0.00398664
14512 	| 0.0356623
16594 	| 0.00363446
16722 	| 0
16726 	| 0
16876 	| 0
19954 	| 0.00184166
19992 	| 0.0620544
20391 	| 0.0806502
20774 	| 0.000542726
23403 	| 0.0148613
4870 	| 0
5175 	| 0.0149644
8282 	| 0
22046 	| 0.0949186
2449 	| 0.0216298
4766 	| 0
3561 	| 0.0594625
4868 	| 0.0304959
8352 	| 0.00118785
10456 	| 0.077906
15365 	| 0.0081741
16931 	| 0.0897459
8157 	| 0
2120 	| 0
7713 	| 0
19052 	| 0
8302 	| 0
16484 	| 0
17778 	| 0.00975023
2556 	| 0.23483
19159 	| 0.00956389
21699 	| 2.88622e-005
25382 	| 0.000514867
8701 	| 0.0746483
523 	| 0.0081741
5464 	| 0.0300744
7774 	| 0.00118408
17379 	| 0.0933931
18008 	| 0.0081741
23385 	| 0
25868 	| 0
26170 	| 0.0034792
1310 	| 0.0411138
2922 	| 0.0134526
3651 	| 0.161606
6891 	| 0.0101009
10162 	| 0
10620 	| 0.0049673
11112 	| 0.0081741
13174 	| 0.0019516
14864 	| 0.0594556
17536 	| 0.108435
23153 	| 0
24340 	| 0.0281072
11102 	| 0.0549454
18592 	| 0.0245144
22765 	| 0
1896 	| 0.0571496
6838 	| 0.0407441
25220 	| 0
4180 	| 0.0485069
10055 	| 0.16473
12637 	| 0.061876
1832 	| 0
4383 	| 0
7014 	| 0
9397 	| 0.0305461
14344 	| 0.00409622
14385 	| 0
21379 	| 0.159073
24163 	| 0
4416 	| 0.122673
9241 	| 0.131879
2620 	| 0.066322
3679 	| 0.00429534
4364 	| 0.215911
5712 	| 0.0565682
13955 	| 0.0345071
14003 	| 0.0391813
15235 	| 0.061506
18227 	| 0.0199531
19445 	| 0
19495 	| 0
20168 	| 0.10661
23967 	| 0.300717
1116 	| 0.0660507
15399 	| 0.0081741
18222 	| 0.0245105
21287 	| 0.0167133
23227 	| 0
4624 	| 0.144506
5355 	| 0
6863 	| 0
12606 	| 0.02719
12968 	| 0.0448362
15770 	| 0.0326787
21322 	| 0
22265 	| 0.074116
22336 	| 0.0717443
23099 	| 0
23880 	| 0.0412175
25111 	| 0.0128159
4319 	| 0.00408607
12758 	| 0.00408607
22023 	| 0
14337 	| 0.0447111
5849 	| 0
10763 	| 0
11121 	| 0
11194 	| 0.0178869
15799 	| 0.0856835
16511 	| 0.0119991
16575 	| 0.0804706
16945 	| 0
21157 	| 0
2326 	| 0.010077
10253 	| 0
13190 	| 0.18034
14325 	| 0
19048 	| 0.0638746
20182 	| 0.0432876
3595 	| 0
18174 	| 0
17850 	| 0
20620 	| 0
12380 	| 0.0163462
3197 	| 0
6160 	| 0
8589 	| 0.00231355
9417 	| 0.0012405
9829 	| 0.129035
14638 	| 0.0484416
14924 	| 0.307648
15972 	| 0
17228 	| 0.11419
18940 	| 0.170887
19090 	| 0
19475 	| 0
20207 	| 0.0562174
22644 	| 0.151702
22790 	| 0.0414808
24001 	| 0.0115949
25228 	| 0
9710 	| 0.131012
3345 	| 0.0540226
3430 	| 0.0329453
5266 	| 0.0181598
5995 	| 0
7999 	| 0
8047 	| 0.0110519
8178 	| 0
8868 	| 0
10824 	| 0
15144 	| 0.120783
19107 	| 0.0116599
19806 	| 0
22439 	| 0
23304 	| 0
24431 	| 0.0327103
11077 	| 0.104239
10211 	| 0.0493171
14972 	| 0
15300 	| 0.115232
17158 	| 0
17162 	| 0
17403 	| 1.96682e-006
20149 	| 0
20519 	| 0
21389 	| 3.60583e-006
22951 	| 0.0481034
23912 	| 0
23918 	| 6.55606e-007
25589 	| 0
6895 	| 0
3076 	| 0.00109739
7444 	| 0.0256659
8972 	| 0.00597257
17308 	| 0
20574 	| 0.0393285
21629 	| 0.00740567
245 	| 0
4983 	| 0
13480 	| 0.0265632
14562 	| 0
15912 	| 0
16976 	| 0.0429283
19974 	| 0.0266322
22245 	| 0
414 	| 0
8708 	| 0
23776 	| 0
1044 	| 0.0222058
4975 	| 0.0174227
5809 	| 0
12587 	| 0.145751
16123 	| 0.0225457
20303 	| 0.0485974
4451 	| 0
9983 	| 0
15205 	| 6.55606e-007
15666 	| 0
15667 	| 0
19093 	| 0.0373661
21031 	| 0
24330 	| 0.0909952
5840 	| 0
6732 	| 0.00606334
8614 	| 0
13847 	| 0.031818
15081 	| 0.00462291
22609 	| 0.000118443
3310 	| 0.148045
5143 	| 0
9735 	| 0.0113576
17396 	| 0
26138 	| 0
4700 	| 0
5606 	| 0
1386 	| 0.00986606
1738 	| 0.0163443
2566 	| 0.0081741
2720 	| 0.0081741
5634 	| 0.00166662
9870 	| 0
16779 	| 0
24475 	| 0
25931 	| 0.04164
1817 	| 0.0245144
3725 	| 0.003546
5366 	| 0
15911 	| 0.003546
9800 	| 0.0145383
26141 	| 0
18001 	| 0
22177 	| 0.206568
25480 	| 0.0100265
1425 	| 0.0248298
2501 	| 0.0642232
2823 	| 0
5136 	| 0
7105 	| 0
7317 	| 0.00950292
9127 	| 0
14615 	| 0.146333
17089 	| 0.0200258
19454 	| 0
22758 	| 0.0449368
23841 	| 0.11007
3207 	| 0
7125 	| 0.0239958
20683 	| 0.0161498
25419 	| 0.0034196
2591 	| 0.0328416
8932 	| 0
9188 	| 0.00048806
9773 	| 0
13713 	| 0
19179 	| 0.0159158
14818 	| 0.00695179
26190 	| 0.0158476
3839 	| 0.0444142
13615 	| 0
16674 	| 0.0497726
7042 	| 0.0018472
9269 	| 0
11661 	| 0.0343025
21994 	| 0.0639042
9943 	| 0.00800519
10096 	| 0.139489
15614 	| 0.00474933
16368 	| 0.0990245
17285 	| 0.0438004
21407 	| 0.010392
8715 	| 0.00175305
21142 	| 0
21167 	| 0
13621 	| 0
25388 	| 0
284 	| 0
6427 	| 0.0408469
16835 	| 0
18677 	| 0
21696 	| 0
25854 	| 0
25940 	| 0.0489856
9485 	| 0
10435 	| 0.00168527
14698 	| 0
21823 	| 0.00168527
811 	| 0.0738015
9964 	| 0.00282004
11919 	| 0.0192675
15123 	| 0.0163443
17021 	| 0.0081741
19517 	| 0.096668
22989 	| 0.00696929
23485 	| 0.0127624
8069 	| 0.0081741
2127 	| 0
11712 	| 0.0846451
10871 	| 0.0729733
15829 	| 0.00921544
16106 	| 0.000486958
17207 	| 0.0523714
17670 	| 0.000486958
18286 	| 0.0196233
18612 	| 0.00146948
19234 	| 0
19724 	| 0
22876 	| 0.106114
3412 	| 0
894 	| 0.000433051
4814 	| 0.0279416
5441 	| 0.0018118
5717 	| 0.0470083
5934 	| 0.140733
9075 	| 0
10623 	| 0.00910921
11223 	| 0.00911856
11491 	| 0
12659 	| 0.0328402
14351 	| 0.0500922
19807 	| 0
21324 	| 0.0124217
21665 	| 0
22734 	| 0
22778 	| 0.0684259
23246 	| 0.00546532
25698 	| 0.112812
7615 	| 0.0639309
12806 	| 0.0704749
1620 	| 0.0420791
3922 	| 0.118131
9133 	| 0
9895 	| 0
9907 	| 0.0178025
11791 	| 0.0081741
18457 	| 0
19131 	| 0
19997 	| 0
21491 	| 0.137828
22426 	| 0.0383642
22791 	| 0
25158 	| 0.0303107
25316 	| 0.0330396
352 	| 0
3996 	| 0.0326826
10555 	| 0.0167158
15850 	| 0.00706782
19101 	| 0.0347381
20533 	| 0
21943 	| 0.0547319
22603 	| 0
23513 	| 6.55606e-007
25034 	| 0.224456
1280 	| 0
5851 	| 0
11591 	| 0.0323087
13520 	| 0.170395
16921 	| 0.0177726
21646 	| 0.0239574
17559 	| 0.0430851
1674 	| 0.00569214
3323 	| 0.0117312
8680 	| 0.000576589
9184 	| 0.126359
13813 	| 0.112634
19204 	| 0.0254263
19206 	| 6.46526e-005
19657 	| 0.0739399
20373 	| 0.233774
23204 	| 0.038571
409 	| 0
2474 	| 0.0081741
4241 	| 0.255748
6746 	| 0
10476 	| 0.0444315
16568 	| 0.0127341
21771 	| 0.193208
24620 	| 0.00751194
2081 	| 0
2664 	| 0
12212 	| 0.0688481
13528 	| 0
14628 	| 0
22574 	| 0.0393734
25872 	| 0
1545 	| 0.129484
2202 	| 0
15206 	| 0
17233 	| 0
18158 	| 0.00318829
21317 	| 0
24271 	| 0
8547 	| 0.00045184
10791 	| 0.123678
10919 	| 0
11275 	| 0.268137
15600 	| 0
15608 	| 0.0168934
16644 	| 0
24568 	| 0.0272828
25996 	| 0.00740068
26098 	| 0.0238724
1059 	| 0
6154 	| 0.0973946
7725 	| 0.0122634
11125 	| 0
13705 	| 0
15435 	| 0.0737788
16039 	| 0.040843
17821 	| 0
18540 	| 0.187397
20536 	| 0
23529 	| 0.037515
10588 	| 0.102215
3916 	| 0.00597052
4525 	| 0.0709171
4952 	| 0.370394
5352 	| 9.54126e-005
5729 	| 0
10490 	| 0.0591341
12101 	| 0.112972
13801 	| 1
15311 	| 0.0159362
21754 	| 0.124943
23134 	| 0.191017
24614 	| 0.0226125
4493 	| 0.00174797
14627 	| 0.0249852
23720 	| 0.00249136
930 	| 0.0081741
3946 	| 0
4760 	| 0
17189 	| 0
10463 	| 0
10526 	| 0
11788 	| 0
17746 	| 0.0226787
18189 	| 0
21438 	| 0
22611 	| 0
26038 	| 0.143923
4195 	| 0.00750582
7069 	| 0.0189444
9098 	| 0
17721 	| 0.0868854
21723 	| 0.0484101
24587 	| 0
7895 	| 0.0081741
11863 	| 0
12110 	| 0.00501618
1000 	| 0.393164
1149 	| 0.0692665
1694 	| 0.0298321
2115 	| 0.20953
4575 	| 0.0934441
5605 	| 0.0480638
6288 	| 0
12016 	| 0.0293366
12070 	| 0.0569075
13469 	| 0.10131
16101 	| 0.111537
18250 	| 0
20667 	| 0
20716 	| 0.292217
23107 	| 0.0560342
23344 	| 0.113025
23939 	| 0.187603
25402 	| 0.00723265
25948 	| 0.005563
6963 	| 0.0445884
8374 	| 0
17465 	| 0
19865 	| 0.458419
3006 	| 0.0616743
3630 	| 0.0236352
5901 	| 0.340704
5953 	| 0.0785623
7911 	| 0.0356346
8730 	| 0
10406 	| 0.0177302
12874 	| 0.00452964
13177 	| 0
16817 	| 0.0115834
19723 	| 0.00941914
24885 	| 0.0165357
13653 	| 0
22599 	| 0
3265 	| 0.132708
3998 	| 0.0081741
8513 	| 0
10501 	| 0
13029 	| 0.0326728
13622 	| 0
13682 	| 0
16324 	| 0.0514462
16640 	| 0.0305159
16749 	| 0
26059 	| 0
26065 	| 0.060143
580 	| 0
6431 	| 0
1877 	| 0.0362389
2042 	| 0.0971591
15880 	| 0.0771501
16967 	| 0.0300295
19710 	| 0
20014 	| 0.0201593
23163 	| 0
23225 	| 0
3683 	| 0
3845 	| 0
6748 	| 0
14664 	| 0
16065 	| 0
16963 	| 0
20650 	| 0.0081741
3804 	| 0.180977
4032 	| 0
5194 	| 0.0262207
23137 	| 0
11495 	| 0.000758249
12842 	| 0.0796494
495 	| 0
2742 	| 0
3965 	| 0
5622 	| 0
7855 	| 0
8928 	| 0
8968 	| 0.145025
9458 	| 0.00312957
17968 	| 0.0125625
18375 	| 0
8335 	| 0.10468
1104 	| 0.000676085
5427 	| 0
13322 	| 0
13529 	| 0
18619 	| 0.0466319
18751 	| 0.0384578
6494 	| 0.00787189
2526 	| 0.0019653
6364 	| 0.0106183
6857 	| 0.0624106
7853 	| 0.0046249
14976 	| 0.0046249
24781 	| 0.0439865
321 	| 0
21853 	| 0.0114271
884 	| 0
5469 	| 0
5575 	| 0
10183 	| 0
10966 	| 0.00992829
16624 	| 0
24699 	| 0.0372474
14308 	| 0.0155707
5166 	| 0.00733788
5597 	| 0.0653567
9066 	| 0.0140386
20787 	| 0.00215256
23836 	| 0.0668072
25050 	| 0.00735002
5287 	| 0.0473828
17273 	| 0.00128468
9283 	| 0.0557572
953 	| 0
17794 	| 0.00283836
114 	| 0
2348 	| 0
6631 	| 0
8854 	| 0.0163462
4290 	| 0
8200 	| 0
11113 	| 0
12302 	| 0
21017 	| 0
23297 	| 0.0165998
6355 	| 0
7194 	| 4.91705e-005
20960 	| 0
7542 	| 0
15322 	| 0
18415 	| 5.11373e-005
23066 	| 0.0326728
3765 	| 0.0619135
14500 	| 0
17918 	| 0.0245105
3418 	| 0.012928
4798 	| 0.0183138
12866 	| 0
20196 	| 0
2004 	| 0
21191 	| 0
21663 	| 0.0326728
14020 	| 0.0653161
22203 	| 0.0245144
1600 	| 0
15905 	| 0
21635 	| 0
16543 	| 0.0454562
238 	| 0.0163443
4793 	| 0.0209575
6218 	| 0.175409
15516 	| 0.0210234
16553 	| 0
16563 	| 5.90046e-006
16565 	| 0
22964 	| 0
8442 	| 0
10412 	| 0
8887 	| 0
6072 	| 0
491 	| 0.024319
1124 	| 0.0231672
1818 	| 0
4552 	| 0.0189288
5739 	| 0
6823 	| 0.096526
7882 	| 0.0150566
13328 	| 0.0253863
17039 	| 0
17082 	| 0.0466695
22028 	| 0.0081741
23454 	| 0
3681 	| 0
7126 	| 0
3547 	| 0.201851
449 	| 0.169089
882 	| 0.00282846
1405 	| 0
1498 	| 0
3033 	| 0
3048 	| 0.0338435
3511 	| 0
7091 	| 0
14707 	| 0.00764846
17245 	| 0.0380848
18340 	| 0
6804 	| 0.0285451
12260 	| 0
19624 	| 0.00860903
22826 	| 0.0112829
25491 	| 0
25844 	| 0
6184 	| 0
19161 	| 0.0081741
21831 	| 0
88 	| 0.000621382
1995 	| 0.000621382
2338 	| 0.000621382
2530 	| 0.000621382
2535 	| 0.000621382
4355 	| 0
4755 	| 0.000621382
5210 	| 0
6340 	| 0.000621382
7197 	| 0.000621382
7635 	| 0.000621382
8727 	| 0
9313 	| 0
9656 	| 0.000621382
9869 	| 0.000510822
10350 	| 0.0183717
12507 	| 0.000621382
12710 	| 0
14648 	| 0
14766 	| 0.000621382
15010 	| 0.000621382
15244 	| 0.251297
15245 	| 0
15457 	| 7.08055e-007
15933 	| 0.000510822
16654 	| 0.000621382
17807 	| 0.000621382
18225 	| 0.000621382
18453 	| 0.0428243
18778 	| 0.0267692
19114 	| 0
19446 	| 0
19645 	| 0.000621382
19939 	| 0.000621382
20346 	| 0
20576 	| 0.000510822
21178 	| 0
22504 	| 0
23712 	| 7.08055e-007
24453 	| 0.00517999
24718 	| 0.0510601
12308 	| 0
15935 	| 0.0081741
18276 	| 0
18904 	| 0.00950457
2190 	| 0
6172 	| 0.00739572
8592 	| 0.00739572
14933 	| 0
4249 	| 0
21718 	| 0.0142621
22290 	| 0
23441 	| 0.0274765
24113 	| 0
6421 	| 0.000373426
8224 	| 0.00113607
11182 	| 0.0133312
11696 	| 0.0945444
12286 	| 0.0387916
23423 	| 0.00715109
500 	| 0.00865947
2085 	| 0.00411227
2568 	| 1.31121e-006
3099 	| 0.00429156
4468 	| 0
4631 	| 0
9892 	| 0
10358 	| 0
10458 	| 0.0081741
10615 	| 0.00422645
11011 	| 3.27803e-006
12074 	| 0.00209576
13971 	| 0
14079 	| 0
16754 	| 0.00256996
18783 	| 0
19612 	| 0.00256996
20552 	| 1.96682e-006
20553 	| 0
21032 	| 0
23355 	| 0.0081741
24454 	| 0
25086 	| 2.1635e-005
25180 	| 0
25785 	| 0
10539 	| 0.0170269
4254 	| 0
9337 	| 0
1497 	| 0.0081741
6724 	| 0.0433283
16890 	| 0
2630 	| 0.0081741
7563 	| 0.0484468
14403 	| 0.0413646
17392 	| 0
23503 	| 0.015122
2558 	| 0
21910 	| 0.162261
18910 	| 0
2511 	| 0.0118518
10986 	| 0
13318 	| 0.037765
14051 	| 0.0337508
14414 	| 0.0163443
22119 	| 0.0601693
1006 	| 0
4351 	| 0.132647
11372 	| 0.078544
16414 	| 0.128309
639 	| 0.012115
1941 	| 0.0102656
5227 	| 0
7015 	| 0
9647 	| 1.54654e-005
12852 	| 0
15846 	| 0.0376167
16333 	| 0
16347 	| 0.023482
4576 	| 0
6941 	| 0.0160519
7206 	| 0
7485 	| 0
9389 	| 0
9426 	| 0.0163462
10246 	| 0
11026 	| 0.026522
17953 	| 0
18946 	| 0
18983 	| 0.0121655
19013 	| 0
23458 	| 0.0109916
23986 	| 0.0489076
4697 	| 0.0449769
3007 	| 0
22082 	| 0.0223364
25537 	| 0.0081741
5695 	| 0.0603876
574 	| 0
6971 	| 0.0208132
13282 	| 0.00195636
15409 	| 0
18745 	| 0
18758 	| 0
21497 	| 0
22366 	| 0.148417
23714 	| 0
1153 	| 0
17501 	| 0.0894856
4183 	| 0
6010 	| 0
9862 	| 0.0432138
12370 	| 0
16834 	| 0.0163443
16853 	| 0
16899 	| 0.0472309
21199 	| 0
22299 	| 5.8748e-005
22309 	| 0.00144084
22620 	| 0.0200864
20248 	| 0.0081741
12679 	| 0
573 	| 0.0108445
1430 	| 0
2072 	| 0.132937
4966 	| 0
19493 	| 0.00119879
22278 	| 0.0012883
5769 	| 0
10896 	| 0
20915 	| 0
22848 	| 0.0326728
1347 	| 0
4782 	| 0
15582 	| 0
17472 	| 0
19707 	| 0
21930 	| 0
24835 	| 0.00668652
24959 	| 0
24009 	| 0.0408582
283 	| 0
1880 	| 0
5505 	| 0
15959 	| 0.0672651
15961 	| 0
24444 	| 0
14316 	| 0.0126398
14690 	| 0.0498171
22254 	| 0
749 	| 0
1373 	| 0.0525889
3607 	| 0.0081741
7245 	| 0.0245628
8031 	| 0.000547202
15907 	| 0
19164 	| 0.0037853
302 	| 0
2335 	| 0
6702 	| 0
11490 	| 0.0245144
16108 	| 0
17174 	| 0
17924 	| 0
3999 	| 0
8211 	| 0
12373 	| 0
20059 	| 0.0519624
2155 	| 0.0955438
4283 	| 0
6408 	| 0.0546611
7715 	| 0
8920 	| 0
23256 	| 0.00452064
2607 	| 0.00448784
3450 	| 0
4588 	| 0.0222582
5130 	| 0
5353 	| 0
5835 	| 0.0249876
9450 	| 0.00364357
12165 	| 0
12722 	| 0.0144508
20003 	| 0
20184 	| 0
24640 	| 5.90046e-006
4685 	| 0
15415 	| 0
24152 	| 0
8376 	| 0
8888 	| 0
13067 	| 0.00539423
4213 	| 0.0163443
7045 	| 0.0577247
11892 	| 0
20645 	| 0
23264 	| 0
10600 	| 0.0245144
13493 	| 0
13496 	| 0
18788 	| 0.00691121
18791 	| 0
23394 	| 0.00818491
140 	| 0.0146828
17304 	| 0
18587 	| 0
19404 	| 0.00994127
22462 	| 0.00848974
24122 	| 0
1078 	| 0.00302465
5164 	| 0
9387 	| 0
11640 	| 0.00340509
12545 	| 0.392519
13371 	| 0.0117453
17116 	| 0.0367038
19741 	| 0.0367038
22149 	| 0
16331 	| 0.00289426
19184 	| 0
17843 	| 0.000871257
1685 	| 0.0359194
8134 	| 0.0109262
12687 	| 0.0980005
23409 	| 0
1321 	| 0.00905115
4433 	| 0
5125 	| 0.00481363
7625 	| 0.012002
10895 	| 0.0489176
11899 	| 0
13711 	| 0.0290458
16162 	| 0.0556539
16475 	| 0
19167 	| 0
19387 	| 0.0081741
21089 	| 0.0503828
21727 	| 0
23863 	| 0.00374601
25565 	| 0.0164034
5060 	| 0
20660 	| 0.019857
1608 	| 0.00849367
20030 	| 0.0132684
11447 	| 0.0223647
834 	| 0
2490 	| 0.00809797
5570 	| 0
15625 	| 0
15917 	| 0.00155304
18140 	| 0.21751
18790 	| 0
24110 	| 0.0298992
4466 	| 0.00893991
8505 	| 0
16357 	| 0.0108712
20116 	| 0.0270835
20148 	| 0.125408
22899 	| 0.00317278
25710 	| 0.00935709
4068 	| 0.0439125
9517 	| 0
11400 	| 0.204926
11630 	| 0
11700 	| 0
11733 	| 0.0400266
11951 	| 0.00237109
12268 	| 6.11426e-006
14093 	| 0.0425099
15685 	| 0
16006 	| 0.0551172
16495 	| 0.0027969
17135 	| 0
20169 	| 0
22188 	| 4.58376e-005
22189 	| 0
22621 	| 0
22811 	| 0
22975 	| 0.00106891
23110 	| 0.00026067
23509 	| 0.000230825
23552 	| 0.0203394
23805 	| 0.0870348
23806 	| 0
25557 	| 0.0163443
25562 	| 0.000408275
7801 	| 0.0459088
14089 	| 0.0268682
14967 	| 0.0359358
25215 	| 0.0326807
11868 	| 0.00392849
24023 	| 0.00998826
2559 	| 0
5543 	| 0
5767 	| 0.0159313
10931 	| 0.0597872
24097 	| 0.130456
14952 	| 0.0836045
16953 	| 0.000138795
20191 	| 0.000395599
25934 	| 0.0081741
10467 	| 0.0163443
13175 	| 0
20892 	| 0.0326787
21816 	| 0
25209 	| 0.00674721
14371 	| 0
17443 	| 0.0131321
141 	| 0
8408 	| 0.0111114
17286 	| 0
25827 	| 0.00100717
5246 	| 0.00907676
10524 	| 0
12337 	| 0
15419 	| 0
24 	| 0.0081741
3858 	| 0.0285612
15066 	| 0.100595
23161 	| 0.0285612
25378 	| 0.116931
205 	| 0.038384
12389 	| 0
15718 	| 0
16506 	| 0
21650 	| 0.0300674
22502 	| 0.0081741
482 	| 0.096016
3411 	| 0
4428 	| 0
5392 	| 0.00602456
6317 	| 0
7541 	| 0.00602456
15664 	| 0
16469 	| 0.0504613
17665 	| 0.0037579
20424 	| 0
24734 	| 0
8206 	| 0
12865 	| 0
13384 	| 0.0962486
17688 	| 0.00136671
3826 	| 0
12369 	| 0
13498 	| 0
19111 	| 0
22239 	| 0
19084 	| 0.0489954
23943 	| 0
75 	| 0
8807 	| 0.00677617
22530 	| 0
15353 	| 0.0163462
3449 	| 0
17950 	| 0
18522 	| 0
6709 	| 0
18003 	| 1.96682e-006
5545 	| 0
12135 	| 0.0571557
2475 	| 0
3209 	| 0
15973 	| 0
21928 	| 0
24765 	| 0.0163443
6219 	| 0
18160 	| 0
1833 	| 0
8177 	| 0.0571715
12107 	| 0
4819 	| 0.0081741
7863 	| 0
8596 	| 0
13635 	| 0.0897499
17848 	| 0
25152 	| 0.0081741
25408 	| 0.0163443
11891 	| 0.0163462
20243 	| 0.0163462
19233 	| 9.83409e-007
733 	| 0
20597 	| 0
3171 	| 0
19149 	| 0
19340 	| 0.0418244
7824 	| 0.0285848
8815 	| 0.0081741
12065 	| 0.00408311
14558 	| 0
15306 	| 0
15400 	| 0
22528 	| 0
22832 	| 0
10969 	| 0
13321 	| 0
16958 	| 0
19109 	| 0.00452241
23346 	| 0
2848 	| 0
4896 	| 0.109327
8666 	| 0.0994317
10552 	| 0
12884 	| 0.0261543
18511 	| 0.0333986
25988 	| 0
22371 	| 0
11566 	| 0
11808 	| 0
18560 	| 0
15249 	| 0
15624 	| 0
1058 	| 0.0277727
2614 	| 0
3730 	| 0.00127714
7449 	| 0.0146641
10801 	| 0.0672461
14661 	| 0.0598456
21321 	| 0.00427348
22376 	| 0
24295 	| 0
5485 	| 0.0081741
23870 	| 0.00732696
6638 	| 0.040843
17754 	| 0.0081741
25674 	| 0
9273 	| 0.00169409
9325 	| 0.0175495
2783 	| 0
9408 	| 0
12927 	| 0.200243
13310 	| 0
6264 	| 0.269577
7204 	| 0.0102997
12247 	| 0.0163478
19433 	| 0.0350802
18867 	| 0
24943 	| 0
731 	| 0
17359 	| 0.0468651
23558 	| 0.0326728
6828 	| 0
25319 	| 0
3953 	| 0.0489856
13196 	| 0.0204969
15568 	| 0.0245144
17163 	| 0
22954 	| 0
14606 	| 0
22144 	| 0.208148
1840 	| 0
4713 	| 0
6824 	| 0
12492 	| 0
10478 	| 0
16675 	| 0
13859 	| 0.040841
4141 	| 1.96682e-006
9267 	| 0
11052 	| 0.076615
16091 	| 0
17755 	| 0
20053 	| 0
22395 	| 0
26168 	| 0
8378 	| 0
16607 	| 0.0119687
2054 	| 1.96682e-005
1552 	| 0
8719 	| 0
9760 	| 0
10355 	| 0
13741 	| 0
5116 	| 0.00951546
9629 	| 0.0412854
7087 	| 0.0504246
9984 	| 0
10153 	| 0.00328028
10543 	| 0.00850566
10967 	| 0
16336 	| 0
20435 	| 0
20479 	| 0
21433 	| 0
25569 	| 0.0374507
25783 	| 0.00233423
7039 	| 0
12166 	| 0
14970 	| 0
7277 	| 0.024482
16766 	| 0
16770 	| 0
16858 	| 0
17113 	| 0.0894772
17389 	| 0
18408 	| 0.235155
19089 	| 2.91745e-005
20033 	| 0.000187087
23429 	| 0.0157329
24578 	| 0.00313916
4724 	| 0.0113064
6904 	| 0.00267205
7452 	| 0
12491 	| 0.166358
13369 	| 0.0575949
14346 	| 0
18065 	| 0.0262084
18271 	| 0.0421645
19244 	| 0
23989 	| 0
10983 	| 0.0816059
4642 	| 0
16708 	| 0.00647762
8231 	| 0
9616 	| 0.0227466
24149 	| 0
1519 	| 0
8768 	| 0.0571261
9937 	| 0.00110409
24270 	| 0.0121031
25435 	| 0.0326728
5181 	| 0.0978295
6316 	| 0
17235 	| 0.0081741
2870 	| 0.0361897
2536 	| 0
9207 	| 0.000542558
9732 	| 0.00136138
12654 	| 0.0461151
16041 	| 0
22555 	| 0.0816255
24753 	| 0.109357
25870 	| 0
5830 	| 0
10991 	| 0
17306 	| 0.00922989
19924 	| 0
10923 	| 0.032663
11821 	| 0
16013 	| 0.00816426
21469 	| 0
11944 	| 0
16429 	| 0.0133608
25784 	| 0
21608 	| 0.0425161
23092 	| 0.00321841
25571 	| 0
5444 	| 0
11734 	| 0
13931 	| 9.83409e-007
21549 	| 0
25615 	| 0
8476 	| 0
13388 	| 0
12739 	| 0.026403
4847 	| 0
10842 	| 0
11293 	| 0.0817852
25125 	| 0.0111981
1672 	| 0.000680852
8079 	| 0.000680852
11461 	| 0.0185369
16755 	| 0
1711 	| 0.0555426
3174 	| 0
6726 	| 0
6813 	| 0.01719
13703 	| 0
20046 	| 0.00764634
20854 	| 0
5411 	| 0
5503 	| 0.0571597
10390 	| 0
11186 	| 0
7522 	| 0.000747263
9944 	| 0
17086 	| 0.0081741
21341 	| 0
16010 	| 0.00110829
22696 	| 0
25585 	| 0
3526 	| 0
15786 	| 0
135 	| 0.0446864
1776 	| 0
4102 	| 0.00613375
12311 	| 0.000373216
12675 	| 0.0271005
15816 	| 0
19945 	| 0.000126803
26176 	| 0.000335208
1550 	| 0
20952 	| 0
24280 	| 0.000653241
365 	| 0
9511 	| 0.00972552
14552 	| 0
15585 	| 0
16906 	| 0.0185055
17187 	| 0.0258292
18579 	| 0.0459309
18736 	| 0.040328
19791 	| 0.0180862
1229 	| 0.0304287
1862 	| 0
3194 	| 0
3532 	| 0
5400 	| 0
7154 	| 0.201037
9946 	| 0
10381 	| 0.0310443
11107 	| 0.0370078
17934 	| 0
22721 	| 0
24129 	| 0
215 	| 0
185 	| 0
351 	| 0
1074 	| 0
1858 	| 0
4512 	| 0
6892 	| 0
8280 	| 0
14542 	| 0
17751 	| 0
18095 	| 0
18143 	| 0
18649 	| 0
18943 	| 0
19573 	| 0
22601 	| 0.0939616
22793 	| 0
3877 	| 0
4354 	| 0
5412 	| 0
6544 	| 0
7357 	| 0
7719 	| 0
10477 	| 0
11445 	| 0
12788 	| 0
18185 	| 0
19246 	| 0
19463 	| 0
20780 	| 0
21861 	| 0
22284 	| 0
22741 	| 0
23514 	| 0
18161 	| 0
11093 	| 0.0081741
165 	| 0
293 	| 0
3228 	| 0.0348552
6556 	| 0.0081741
17194 	| 0.0245105
6524 	| 0.0584151
22436 	| 0
9504 	| 0
5359 	| 0.0081741
2915 	| 0.0023994
10956 	| 0.0331938
20089 	| 0.0275984
25358 	| 0
2350 	| 0
2385 	| 0
20783 	| 0
25405 	| 0
15209 	| 0
15669 	| 0
10807 	| 0
21466 	| 0.0266969
6832 	| 0
19557 	| 0
1090 	| 0.00159763
3990 	| 0
4635 	| 0
4759 	| 0
15166 	| 0
24860 	| 0.00895135
6375 	| 0.00192649
10519 	| 0
20230 	| 0
4775 	| 0
7095 	| 0
9138 	| 0
9432 	| 0.0145417
20229 	| 0
2926 	| 0.000881422
22275 	| 0.0281742
6023 	| 0.053248
13624 	| 0.0153033
19682 	| 0.00380059
17859 	| 0.0081741
6075 	| 3.93364e-006
13932 	| 0
14499 	| 0
20345 	| 0
4023 	| 0.00275409
11902 	| 0.0163462
13647 	| 0.0169528
19146 	| 0
22699 	| 0.0241038
23622 	| 0
25057 	| 0
11617 	| 0
21029 	| 0
12040 	| 0.0260823
1217 	| 0.181196
269 	| 0
1150 	| 0
1611 	| 0
2165 	| 0.0763332
3944 	| 0.000206124
5488 	| 0.0081741
6033 	| 0
8128 	| 0.00854536
9974 	| 0.0081741
12735 	| 0.0270499
14430 	| 0.0884135
19877 	| 0.0490072
20495 	| 0
21638 	| 0
21708 	| 0
22242 	| 0.0256521
23233 	| 0.00292339
24126 	| 0.0184273
25648 	| 0.0013028
3501 	| 0.188111
16278 	| 0
24705 	| 0.00443368
19355 	| 0
22018 	| 0.0266399
25660 	| 0.00270333
3312 	| 0
11493 	| 0
5059 	| 0
21530 	| 1.96682e-006
13485 	| 0
11032 	| 0.0326728
10719 	| 0.0245105
2200 	| 0.00409911
17729 	| 0.00459101
20052 	| 0.043826
21830 	| 0.0245105
379 	| 0.00600114
6064 	| 0.00234043
9439 	| 0.00234043
10907 	| 0
4638 	| 0
23909 	| 0
18237 	| 0
19219 	| 0.00242828
18171 	| 1.96682e-006
85 	| 0
5413 	| 0
8630 	| 0
16521 	| 0.0172613
20517 	| 0.00091706
26005 	| 0
8774 	| 0.025457
5209 	| 0.0870116
6943 	| 0
22748 	| 0
24057 	| 0.351239
25902 	| 0.038214
1014 	| 0
12112 	| 0
17440 	| 0
19150 	| 0
21027 	| 0.0127099
8087 	| 0.0034629
15523 	| 0
17339 	| 0
19711 	| 0
20307 	| 0
1194 	| 0
21858 	| 0
7829 	| 0.0163462
5360 	| 0
19544 	| 0
715 	| 0.0188969
16554 	| 0
4252 	| 0
24451 	| 1.96682e-006
23856 	| 0
6095 	| 0
7446 	| 0.0081741
25236 	| 0
2852 	| 0
12599 	| 0.00889535
25056 	| 0.0105304
25721 	| 0
11638 	| 0
7246 	| 0
17240 	| 0
25091 	| 0
13970 	| 0
80 	| 0
8742 	| 0.0017569
23063 	| 0
19903 	| 0
25469 	| 0.0207545
2851 	| 0
11416 	| 0.0261827
23751 	| 0.00489951
8552 	| 0.00958661
1595 	| 0
1910 	| 0
2293 	| 0.00477
4135 	| 0.0181828
4554 	| 0.0081741
9316 	| 0
16498 	| 0.0109975
17939 	| 0
21587 	| 0
24160 	| 0
25354 	| 0.0040364
10676 	| 0
24961 	| 0
8305 	| 0
22771 	| 0
1736 	| 0.0197888
1914 	| 0
7586 	| 0
14424 	| 0.00265311
19462 	| 0.00265311
2569 	| 0
5546 	| 0
3654 	| 0
11557 	| 0.108295
14154 	| 0
15477 	| 0.176698
15882 	| 0
281 	| 0.029591
5241 	| 0
9471 	| 0.16406
20765 	| 0.250689
3948 	| 0
4013 	| 0.0647685
25516 	| 0.0350482
25684 	| 0.0134301
546 	| 0.0081741
8641 	| 0.0122552
19922 	| 0.0122552
23175 	| 1.96682e-006
21206 	| 0
25662 	| 0
887 	| 0
3721 	| 0
9634 	| 9.83409e-007
14781 	| 0
18972 	| 0
25321 	| 0
8074 	| 0.043505
13164 	| 0.0228232
14541 	| 0
15127 	| 0
18524 	| 0
16230 	| 0
20702 	| 0.0081741
25225 	| 0.0357866
70 	| 0
4727 	| 0.0163462
15559 	| 0.0490013
123 	| 0
23240 	| 0
3980 	| 0
16962 	| 0
3821 	| 0
17991 	| 0
3875 	| 0
9094 	| 0
19061 	| 0
2080 	| 0.0081741
4069 	| 0
5385 	| 0.130339
1968 	| 0
9082 	| 0.0460484
9306 	| 0.0852349
15942 	| 0
1588 	| 0.202622
2805 	| 0
8063 	| 0.0417198
9419 	| 0
5827 	| 0
6351 	| 0
6527 	| 0
10881 	| 0
5367 	| 0
14983 	| 0
19144 	| 0
24183 	| 0.0151123
2184 	| 0
3193 	| 0.0159738
4371 	| 0.01318
15998 	| 0.0148169
23866 	| 0
26004 	| 0.0128158
11822 	| 0
21016 	| 0
21169 	| 0
2936 	| 0
10354 	| 0
18905 	| 0
21563 	| 0
15198 	| 0
18067 	| 0
18297 	| 0.0269558
19781 	| 0.0425509
10186 	| 0
1327 	| 0
6738 	| 0
10825 	| 0
25863 	| 0
4382 	| 0
2789 	| 0.0152679
6641 	| 0
15920 	| 0
18233 	| 0.000239486
24582 	| 0
24583 	| 0
6583 	| 0.187009
15960 	| 0
15974 	| 0
17564 	| 0
18782 	| 0.00556319
23883 	| 0.00270728
14033 	| 0.021205
25383 	| 0
22197 	| 0.00460807
9255 	| 0.00259831
20065 	| 0
22917 	| 0.0832245
23910 	| 0
25572 	| 0
25582 	| 0.0490013
193 	| 0
9993 	| 0.00345633
10819 	| 0
11231 	| 0.0657197
12149 	| 0
20129 	| 0.0152887
23114 	| 0.115259
4878 	| 0
5184 	| 0
8643 	| 0
11967 	| 0.0163443
21779 	| 0
24503 	| 0
24942 	| 0
2119 	| 0
7637 	| 0
11442 	| 0.010198
13651 	| 0
81 	| 0
1029 	| 0
3819 	| 0
869 	| 0
3618 	| 0.0506185
14709 	| 0.00064571
122 	| 0.0309631
6530 	| 0
6707 	| 0
6911 	| 0
15479 	| 0
3524 	| 0.0081741
19927 	| 0.0101736
19350 	| 0.0163462
25959 	| 0
7281 	| 0
25597 	| 0
727 	| 0.0481032
8471 	| 0.150461
16649 	| 0
18331 	| 0.0849458
19469 	| 0
1105 	| 0
14985 	| 0
17911 	| 0.0663974
26127 	| 0.0247714
20215 	| 0
21333 	| 0
18625 	| 0
7584 	| 0.0081741
12049 	| 0
12763 	| 0
17382 	| 0
408 	| 0.0081741
13834 	| 0
17149 	| 0.0897735
23267 	| 0
5843 	| 0.0081741
11213 	| 0.0245144
25877 	| 0
5361 	| 0
18097 	| 0
272 	| 3.93364e-007
2912 	| 0.127771
11811 	| 3.93364e-007
11840 	| 3.93364e-007
19012 	| 0
20305 	| 0
4483 	| 0.001797
6175 	| 0
6266 	| 0
8215 	| 0
8310 	| 0
21401 	| 0.0245105
4673 	| 0.0737474
7475 	| 0.00615789
11426 	| 0.0163462
23673 	| 0
26088 	| 0.0246015
2797 	| 0.0624347
9314 	| 0
12291 	| 0
12639 	| 0
13292 	| 0
13320 	| 0
12664 	| 0.0081741
1109 	| 0
9126 	| 0
10655 	| 0
11610 	| 0
12742 	| 0.00788728
18445 	| 0
4052 	| 0
195 	| 0
17208 	| 0
19168 	| 0
20119 	| 0.00625947
21929 	| 0
17589 	| 0
6533 	| 0
8155 	| 0.0013488
14165 	| 0.0312224
24204 	| 0
25911 	| 0
24506 	| 3.70481e-005
24595 	| 0
9483 	| 0
25250 	| 0.0208523
1258 	| 0.00573955
12032 	| 0.00669395
12797 	| 0
21584 	| 0
6434 	| 0.0184276
21162 	| 0.0157569
10879 	| 0
11925 	| 0
15082 	| 0
18595 	| 0.00809841
8787 	| 0
11979 	| 0.0028197
16274 	| 0.00117182
22722 	| 0
183 	| 0
3982 	| 0
9090 	| 0.0683969
17543 	| 0.0135033
18723 	| 0.0081741
21090 	| 0
24589 	| 0.00231609
23145 	| 0.00125027
7573 	| 0
8193 	| 0
16576 	| 0
16889 	| 0
18521 	| 0.00292736
21391 	| 0
244 	| 0.00576532
1353 	| 0.000348668
3286 	| 0
4765 	| 0.016929
16900 	| 0
18030 	| 0.0287019
22246 	| 0
3752 	| 0
4650 	| 0.0093526
15971 	| 0.0333952
24174 	| 0
16765 	| 0.0267464
17017 	| 0
17161 	| 0
8925 	| 0.0081741
16505 	| 0.0489875
20255 	| 0
21450 	| 0.0163462
3743 	| 0.0851496
839 	| 0
2394 	| 0.0346537
5848 	| 0.0295595
7098 	| 0.0102226
12642 	| 0
21184 	| 0.0652826
23149 	| 0.00211507
4442 	| 0.0397649
7935 	| 0.00127773
25896 	| 0.0368481
12406 	| 0.0182892
16485 	| 0
3034 	| 0
6156 	| 0
18381 	| 0
19686 	| 0
20335 	| 0
22523 	| 0.0231541
2451 	| 0
2341 	| 0
3508 	| 0
12641 	| 0
13068 	| 0
23723 	| 0.00720473
9713 	| 0
1963 	| 0
4302 	| 0
8475 	| 0
19022 	| 0.0219741
26181 	| 0
364 	| 0.00356072
396 	| 0.0203498
13616 	| 0
15214 	| 0.000509141
23266 	| 0
5425 	| 1.18009e-005
2784 	| 0
16109 	| 0
16224 	| 0
21808 	| 0
24161 	| 0
21927 	| 0.0245105
6626 	| 0
10805 	| 0
25069 	| 0.0326728
25628 	| 0
2239 	| 0.044255
10652 	| 0.00982197
17984 	| 0.00707158
22147 	| 0.0118474
22979 	| 0.000396798
24592 	| 0
2877 	| 0.0004529
3876 	| 0
7481 	| 0.00105589
9338 	| 0
12611 	| 0.00780147
12861 	| 0
15175 	| 0
22493 	| 0.0479281
4301 	| 0
16265 	| 0
21614 	| 0
7578 	| 0.0061907
14834 	| 0.101563
15821 	| 0.0081741
22100 	| 0.066794
11607 	| 0
19351 	| 0
2563 	| 0
8437 	| 0
12071 	| 0
2770 	| 0.0026155
6806 	| 0
11806 	| 0.0163443
8678 	| 0.0081741
8301 	| 0
267 	| 9.83409e-007
24240 	| 0.0205668
6632 	| 0
8386 	| 4.58924e-006
12187 	| 0.0912413
13153 	| 0.0040818
14345 	| 0
10081 	| 0.0326787
3185 	| 0
13291 	| 0
20547 	| 0
20792 	| 0
7885 	| 0.0081741
19551 	| 0.0163443
22190 	| 0
9758 	| 0.0081741
17006 	| 0.0408311
1859 	| 0
4298 	| 0.0163452
15192 	| 0
17274 	| 0
18941 	| 0
20902 	| 0.00933039
21798 	| 0.0147957
3631 	| 0
23901 	| 0
13702 	| 0.0095921
14667 	| 0.0241726
17874 	| 0.0169658
18152 	| 0
19978 	| 0
199 	| 0
16935 	| 0.00286074
6482 	| 0.0717646
24148 	| 0.00316961
11629 	| 0.000323845
17099 	| 0
11325 	| 0.0104156
11318 	| 0.0322802
12720 	| 0.0384925
25729 	| 0.0186182
12743 	| 0
21712 	| 0
950 	| 0.017419
1265 	| 0.000417291
1839 	| 0
3063 	| 0
3502 	| 0
4446 	| 0
5639 	| 0.0010661
6009 	| 0
6896 	| 0
9736 	| 0
9980 	| 0
13470 	| 0
15126 	| 0
16881 	| 0
17828 	| 0
17875 	| 0
18210 	| 0
19140 	| 0.0352235
19316 	| 0
23095 	| 0
23864 	| 0
25910 	| 0.00138893
25917 	| 0
14286 	| 0.0056891
17131 	| 0.00265695
20940 	| 0.0365204
6039 	| 0
6176 	| 0
6303 	| 0.000533699
15161 	| 0
20949 	| 9.83409e-007
22879 	| 0.0524019
18215 	| 0.0629045
19051 	| 0
21125 	| 0.085639
2656 	| 0
14560 	| 0
24251 	| 0
1098 	| 0
16107 	| 0
26171 	| 0
8150 	| 0
16703 	| 3.93364e-006
13202 	| 0
22253 	| 3.93364e-006
4128 	| 0
5738 	| 3.14691e-005
5478 	| 0
6538 	| 3.14691e-005
8349 	| 5.50709e-005
12042 	| 0
17252 	| 0
18142 	| 0
13501 	| 0
16216 	| 0
1490 	| 0
20813 	| 0
4781 	| 0.00181625
6081 	| 0
6919 	| 0
19358 	| 0
23616 	| 0
4756 	| 0
5497 	| 0
8298 	| 0.0443451
12709 	| 0
18443 	| 0.0163462
18658 	| 0
18667 	| 0.0163443
26157 	| 0
450 	| 0
11284 	| 0.0422283
11910 	| 0.00127411
23477 	| 0
11923 	| 0
4293 	| 0.00486422
20616 	| 0
11602 	| 0.00662066
5636 	| 0
17988 	| 0
2883 	| 0
4015 	| 0
25189 	| 0.0081741
2055 	| 0
2560 	| 0
4146 	| 0.00252004
10926 	| 0
12553 	| 0
18668 	| 0
15495 	| 0.0285474
9264 	| 0.0978295
12614 	| 0
24970 	| 0.0448916
10640 	| 0
15247 	| 0
17426 	| 0
3037 	| 0.0014127
9712 	| 0.000982685
10726 	| 0.0283125
16482 	| 0.046871
17990 	| 0.00734801
23151 	| 0.0346776
2339 	| 0
24594 	| 0
5477 	| 0.0081741
13497 	| 0
14496 	| 0.0163443
19457 	| 0
5529 	| 0.0245105
5655 	| 0.0164012
2771 	| 0
5417 	| 0
13352 	| 0.0473819
13619 	| 0.0108152
18585 	| 0.0108152
20513 	| 0
4117 	| 0
16471 	| 0
4199 	| 0
6443 	| 0
19932 	| 0
19936 	| 1.77014e-005
25864 	| 0
2118 	| 0
26132 	| 0
17944 	| 0.000583687
20884 	| 0
200 	| 0
492 	| 0
4422 	| 0.0167116
6708 	| 0
7013 	| 0.0417736
8151 	| 0
9020 	| 0
9021 	| 0
9208 	| 0
9722 	| 0
16719 	| 0
16882 	| 0
17016 	| 0
17022 	| 0
19586 	| 0
19678 	| 0
24861 	| 0
9994 	| 0
17276 	| 0
18383 	| 0
12701 	| 0
18879 	| 0
11841 	| 0
20550 	| 0
4211 	| 0.0117797
7104 	| 0
11670 	| 0.00936499
11876 	| 0.00184252
17808 	| 0
24121 	| 0.000190432
25962 	| 0
22283 	| 0
15824 	| 0
21195 	| 0
15171 	| 0
15305 	| 0.0326728
17864 	| 0
23417 	| 0
4139 	| 0
5698 	| 0
9659 	| 0.00663433
10496 	| 0.00654045
11713 	| 0
20002 	| 0
25598 	| 0
25607 	| 0.0357122
25661 	| 0
4138 	| 0.0006363
11328 	| 0.00496227
2455 	| 0
14353 	| 0
14886 	| 7.86727e-006
2043 	| 0
6315 	| 0
21131 	| 0
23859 	| 0
5156 	| 2.55686e-005
7483 	| 0
10904 	| 0
12707 	| 0
14282 	| 9.83409e-006
17933 	| 0
294 	| 0
8626 	| 0
21546 	| 0
11459 	| 0
6706 	| 0
8428 	| 3.93364e-006
10637 	| 0
18603 	| 0
21340 	| 0
12868 	| 0
17180 	| 0
17738 	| 0.174402
18154 	| 0
16213 	| 0
20383 	| 0.0011579
24870 	| 0.00131285
6703 	| 0
12803 	| 0
13999 	| 0.00717673
15596 	| 0
17592 	| 0
18920 	| 0.0465857
15657 	| 0
10878 	| 0.00848673
26020 	| 0
11034 	| 0
18764 	| 0
22433 	| 0
9093 	| 0
13680 	| 0
13346 	| 0.144646
6183 	| 0.0408318
369 	| 0.00272437
7727 	| 0
16433 	| 0.00272437
16570 	| 0.00272273
5601 	| 0.0081741
7645 	| 0.0279462
13675 	| 0
4186 	| 0
12616 	| 0
4485 	| 0
16266 	| 0
1822 	| 0
6503 	| 0.0571656
3773 	| 0
12887 	| 0
21695 	| 0.0245164
1594 	| 0.0319806
4774 	| 0
5673 	| 0
15382 	| 0.00390099
16717 	| 0.007665
19603 	| 0
15172 	| 0
17076 	| 0
19018 	| 5.90046e-006
17595 	| 7.86727e-006
5078 	| 0.0811749
25172 	| 0.0739642
11035 	| 0
21864 	| 2.18317e-005
4284 	| 0
9643 	| 0.00104307
13837 	| 0
15194 	| 0
15623 	| 0
17250 	| 0
23470 	| 0.00426128
25094 	| 0
26067 	| 0
6056 	| 0.0281596
17289 	| 0
23051 	| 0.0326092
8823 	| 0.0345782
9194 	| 0.00386561
6635 	| 0.0134515
9216 	| 0
19019 	| 0
22507 	| 0
5519 	| 0.029309
5730 	| 0
11047 	| 0.0163462
15252 	| 0
21289 	| 0
26167 	| 0
25112 	| 0
13389 	| 0
6185 	| 0
23224 	| 0.0134366
24412 	| 0.0657981
5363 	| 0.0081741
253 	| 0
4634 	| 0
17122 	| 0
21051 	| 0.0326728
2259 	| 0
10317 	| 1.96682e-006
11816 	| 0
6448 	| 0
1346 	| 0
2136 	| 0
9591 	| 9.30961e-005
17453 	| 1.21287e-005
309 	| 1.54067e-005
2186 	| 0
6012 	| 0
10677 	| 0
11030 	| 0
13704 	| 0
17015 	| 3.08135e-005
23946 	| 0
25611 	| 0
1050 	| 0
17120 	| 0
9595 	| 0
6744 	| 0
1125 	| 0
8055 	| 0
8526 	| 0.00408607
9486 	| 0
11537 	| 0.0653161
12453 	| 0.112598
18880 	| 0
18909 	| 0
19962 	| 0
23476 	| 0.00408607
19078 	| 0.0013242
20427 	| 0.00300742
8520 	| 0
16177 	| 0.0017891
21100 	| 0.00867734
21156 	| 0.00024186
9125 	| 0
15943 	| 0
15626 	| 0
1154 	| 0
12017 	| 0
12930 	| 7.86727e-006
8704 	| 0
17591 	| 0
12161 	| 0
19162 	| 0
1093 	| 0
3059 	| 0
9649 	| 0.000530707
10251 	| 0.000432742
25903 	| 0
4143 	| 0.0011751
6808 	| 0
7802 	| 0
17127 	| 0
20554 	| 0
21777 	| 0
22108 	| 2.95023e-006
23555 	| 0
25718 	| 0
4247 	| 0
4250 	| 0
8726 	| 0
9491 	| 0.000974956
11379 	| 0.0106502
11405 	| 0
15196 	| 0
15938 	| 0.000374702
17126 	| 0
17764 	| 0.0026333
232 	| 0
1075 	| 0
8737 	| 0
13481 	| 0
13862 	| 0
16742 	| 0
24402 	| 0.0163443
128 	| 0.0019383
4353 	| 0.0136167
6558 	| 0
6920 	| 0
14865 	| 0
15941 	| 0.0326728
16877 	| 0
10000 	| 0
17337 	| 0.00625342
21634 	| 0
851 	| 0.0374685
2713 	| 0
13199 	| 0.0252288
16837 	| 0
18032 	| 0
19568 	| 0.00134344
20004 	| 0
1341 	| 0.0124159
1408 	| 0
4273 	| 0
5259 	| 0.00218232
7355 	| 0.00461514
9143 	| 0.00651108
14357 	| 0.000125592
16332 	| 0
19940 	| 0
853 	| 0.00798845
8441 	| 0
16070 	| 0
16087 	| 0
17231 	| 0
19434 	| 0
23944 	| 0
24499 	| 0
10062 	| 0.0162249
23681 	| 0.0054697
23727 	| 0
2169 	| 0.0207552
5938 	| 0
16084 	| 0
18724 	| 0
18739 	| 0.00713701
19581 	| 0
20954 	| 0
23991 	| 0
6629 	| 0
8786 	| 0.018029
14078 	| 0.00427804
22088 	| 0
22224 	| 0.0326826
4641 	| 0
17937 	| 0
21660 	| 0
12056 	| 0
2761 	| 0.011593
14647 	| 0
4269 	| 0
26159 	| 0
3066 	| 0.023925
5434 	| 0.000128766
7991 	| 0
8116 	| 0.191653
11609 	| 0.0212089
15384 	| 0
16946 	| 0
17612 	| 0.0793248
15528 	| 0.0163443
163 	| 0
3825 	| 0
20893 	| 0
10910 	| 0
25777 	| 0.0211095
14771 	| 0
24127 	| 0
2143 	| 0
12118 	| 0.00744458
15329 	| 0
25116 	| 0
12689 	| 0
17560 	| 0
21697 	| 0
17599 	| 0
19442 	| 0.00699834
12419 	| 0.00408607
3507 	| 0.00408607
11626 	| 0
19313 	| 0.0081741
21755 	| 0
19356 	| 0
23465 	| 0
598 	| 0
5255 	| 0
8864 	| 0
16131 	| 0
16235 	| 0
16280 	| 0
17137 	| 0
23810 	| 0
1728 	| 0
5656 	| 0
6082 	| 0
18488 	| 0
22610 	| 0
6390 	| 0
5731 	| 0
6280 	| 0.0264657
1499 	| 0
20261 	| 0
24002 	| 0
23653 	| 0
5225 	| 0.0734784
3849 	| 0.0163462
7010 	| 0.0081741
7506 	| 0.00408607
9312 	| 0.00408607
20781 	| 0
8728 	| 0
11227 	| 0.00438002
5862 	| 0.0176428
7959 	| 0
17569 	| 0
18973 	| 0
19207 	| 0
19580 	| 0.0081741
3988 	| 0
16348 	| 0
4017 	| 0
7888 	| 0
17291 	| 0
1008 	| 0
2185 	| 0
8369 	| 0
11824 	| 0
12066 	| 0
16888 	| 0
20808 	| 0
21815 	| 0
1985 	| 0.0081741
9763 	| 0.00552859
21657 	| 0
16225 	| 0
21404 	| 0.0245105
26058 	| 0.0245105
9893 	| 0
20526 	| 0.0081741
5202 	| 0.0163443
17800 	| 0.0497986
21995 	| 0
3188 	| 0
3136 	| 0.0081741
9248 	| 0.0143891
11108 	| 0
13966 	| 0.0643085
4189 	| 0.0081741
16234 	| 0
17251 	| 0
18373 	| 0.0163443
20557 	| 0
19871 	| 0
25526 	| 0
23786 	| 0
25534 	| 0
11631 	| 0
11861 	| 0.100128
18580 	| 0
18623 	| 0
20217 	| 0
25436 	| 0
21588 	| 0
17797 	| 0
1667 	| 0.0164787
4258 	| 1.96682e-006
5608 	| 0
5771 	| 0
6675 	| 0.0163482
7386 	| 0
16264 	| 0
17401 	| 0
18741 	| 0
19895 	| 0.0460084
20315 	| 0.0252649
23741 	| 0.0163212
25107 	| 0.0163462
25439 	| 0
16281 	| 0
24728 	| 0
2762 	| 0
22378 	| 0
9986 	| 0
11719 	| 0
4467 	| 0
21658 	| 0
23490 	| 0.0081741
1669 	| 0
12703 	| 1.96682e-006
5260 	| 0
6810 	| 0
13636 	| 0
16696 	| 0
17739 	| 0
19605 	| 0
5838 	| 0.00195273
11572 	| 0.000191287
21630 	| 0
6073 	| 0
9391 	| 0
2059 	| 0
11746 	| 0.0361004
21800 	| 0
22372 	| 0
6465 	| 0.00194259
11563 	| 0
15891 	| 0.00194259
17385 	| 0.0560452
1599 	| 0
5812 	| 0.00482462
17248 	| 0.0185936
20618 	| 0.0081741
20853 	| 0
9392 	| 0
24252 	| 0
13422 	| 0.0815974
16349 	| 0
11939 	| 0.0189771
17191 	| 0
1350 	| 0
1023 	| 0.0852344
1675 	| 0
2512 	| 0
3058 	| 0
11815 	| 0
20924 	| 0.0435796
23420 	| 0
19464 	| 0
23968 	| 0
9597 	| 0
11820 	| 0
17019 	| 0
17121 	| 0
7811 	| 0.00265739
22269 	| 0.0477085
25272 	| 0
1787 	| 0.0163443
1279 	| 0
14550 	| 0
15258 	| 0.000314209
7071 	| 0
8195 	| 0.0163443
15951 	| 0.0163443
400 	| 0
4379 	| 0.000446781
6541 	| 0
6905 	| 0
8216 	| 0
14498 	| 0
17502 	| 0
17740 	| 0
5408 	| 0
19609 	| 0
11066 	| 0.0105115
2340 	| 0
2443 	| 0.0336572
6918 	| 0
7650 	| 0.315875
8184 	| 0
8625 	| 0.000830711
14369 	| 0.00299565
15395 	| 0.0498513
17583 	| 0
25977 	| 0
18684 	| 0.0081741
19501 	| 0.00153075
20942 	| 0
17724 	| 1.18009e-005
25957 	| 3.54027e-005
25958 	| 0
8263 	| 1.18009e-005
12046 	| 0
19126 	| 1.18009e-005
2182 	| 0.00535819
3553 	| 0
15571 	| 0.00498315
10918 	| 0.000655446
20253 	| 0
15388 	| 0
15387 	| 0
3955 	| 0
10532 	| 0.0275331
7524 	| 0
8721 	| 0.00453755
15005 	| 0.00453755
15372 	| 0.0194841
16022 	| 0.00453755
18685 	| 0
22083 	| 0
22105 	| 0.00207315
11522 	| 1.96682e-006
8857 	| 0.0040841
12235 	| 0.0204225
22129 	| 0
25387 	| 0
2826 	| 0.0489856
23216 	| 0
8530 	| 7.86727e-006
10906 	| 1.18009e-005
21144 	| 0
1073 	| 0.0163462
18399 	| 0
14149 	| 4.72036e-005
3750 	| 0
8147 	| 0
11616 	| 0
14662 	| 0
16648 	| 0
19560 	| 0
22199 	| 0
23530 	| 0
4289 	| 0
9135 	| 0
12160 	| 0
19809 	| 0
4027 	| 0
7450 	| 0
836 	| 0
16747 	| 0.0163443
18193 	| 0.0176361
9095 	| 0
12043 	| 0
18742 	| 0
22890 	| 0.0081741
26044 	| 0
8876 	| 0.00817754
10990 	| 0
4255 	| 0
4771 	| 0.00200526
5251 	| 0.00200526
18256 	| 0.0142262
18337 	| 0.0142262
20236 	| 0.0081741
11279 	| 0
9832 	| 0
17750 	| 9.83409e-006
22976 	| 0
25609 	| 0
124 	| 0
14319 	| 0
15663 	| 0
16937 	| 0
18052 	| 0
20258 	| 0
9151 	| 0
25856 	| 0
2047 	| 0
3632 	| 0
15383 	| 0
24385 	| 0.00952514
3716 	| 0.059345
8391 	| 4.02443e-005
14497 	| 0
24101 	| 0.000826415
2388 	| 0
16955 	| 0
12981 	| 0
19642 	| 0
7592 	| 0.0081741
8179 	| 0
7579 	| 0
21653 	| 0.00378662
5542 	| 0
4080 	| 0.00129223
14747 	| 0
17463 	| 0
19324 	| 0.00129223
20567 	| 0.0872113
21550 	| 0
24220 	| 0
25179 	| 0
25553 	| 0
25554 	| 0
11468 	| 0
11470 	| 0
17804 	| 9.83409e-007
17294 	| 0
2309 	| 0
6532 	| 0
8553 	| 0
4633 	| 0
11593 	| 0
16818 	| 0
23648 	| 0
939 	| 0
1834 	| 0
5056 	| 0
13664 	| 0.0163443
14037 	| 0
16940 	| 0
19613 	| 0
16335 	| 0
6913 	| 0
3594 	| 0
10024 	| 0.000174959
23713 	| 0
10376 	| 0.00113641
15325 	| 4.34935e-006
20344 	| 0
2001 	| 0
3633 	| 0
23064 	| 0
5083 	| 0
5084 	| 0
8711 	| 0
12712 	| 0.0081741
14324 	| 0.0081741
21409 	| 0.000404648
17124 	| 0.000433372
25719 	| 0
8261 	| 0.00132644
11464 	| 0.000542447
17997 	| 0.000542447
20662 	| 0
22837 	| 0
2316 	| 0.0081741
11929 	| 0
350 	| 0
951 	| 0
25676 	| 0
2532 	| 0
14067 	| 0.0320973
20086 	| 0.0081741
21772 	| 0
15715 	| 0
925 	| 0
8615 	| 0
6506 	| 0.0185993
9037 	| 0.0559781
13483 	| 0
14711 	| 0
23623 	| 0
23686 	| 0
864 	| 0
1311 	| 0
3983 	| 0
26013 	| 0.00740197
17882 	| 0
18379 	| 0
18217 	| 0.00293406
26173 	| 0
21297 	| 0.0081741
18447 	| 0
21165 	| 0
4988 	| 0
17125 	| 0
9913 	| 0.002303
22382 	| 0
17884 	| 0
20538 	| 0
24032 	| 0
2009 	| 0.000857317
7309 	| 0
8156 	| 0
8403 	| 0.000428167
16011 	| 0
22929 	| 0
22993 	| 0
8732 	| 0
10022 	| 0.0408311
14932 	| 0.00125363
16659 	| 0
22377 	| 0
22806 	| 0.00817705
14809 	| 0
22953 	| 0
23950 	| 0
18489 	| 0
95 	| 0.0081741
15524 	| 0
3291 	| 0.000164377
12696 	| 0
14869 	| 0
6190 	| 0
10656 	| 0
11002 	| 0
11403 	| 0
20106 	| 0
24060 	| 0.000577342
25610 	| 0
22693 	| 0
23920 	| 0
4458 	| 0.00232748
5547 	| 0
5659 	| 0
7883 	| 0
8387 	| 0
12313 	| 0
15160 	| 0
19325 	| 0
21205 	| 0
22831 	| 0
1556 	| 5.90046e-006
11965 	| 0
14096 	| 0
23154 	| 0
15191 	| 0
5212 	| 0
6628 	| 0
19015 	| 0
19444 	| 0
25139 	| 0
9441 	| 0
10388 	| 0.0081741
8222 	| 0.00290584
21495 	| 0.00997194
6807 	| 0
2075 	| 0
3873 	| 0
4182 	| 0
10439 	| 0
14619 	| 0
2044 	| 0
4490 	| 0
17001 	| 0.00386034
18013 	| 0.00386034
9147 	| 0
24398 	| 0.00961356
5216 	| 9.75617e-005
17290 	| 0
20155 	| 0
1045 	| 0
6265 	| 0
5402 	| 0
15947 	| 0
2203 	| 0
7594 	| 0
21130 	| 0.0245144
21615 	| 0
2622 	| 0
4960 	| 0
16270 	| 0.00407851
16102 	| 0
17956 	| 0.00167303
20375 	| 0
22463 	| 0
3878 	| 0
16584 	| 4.61312e-005
2997 	| 0.00408607
6888 	| 0.00408607
11664 	| 0
4712 	| 0
11017 	| 0
7632 	| 0
14170 	| 0
20414 	| 3.93364e-006
11427 	| 0
5240 	| 0.0752057
9074 	| 0.0163443
12425 	| 0.0326728
18275 	| 0
20636 	| 0
4640 	| 0
19248 	| 0
11109 	| 0
21562 	| 0
21149 	| 9.83409e-007
312 	| 0
16545 	| 0
12786 	| 0.00891706
13673 	| 0.0334276
7958 	| 0
25130 	| 3.93364e-006
14543 	| 0
21221 	| 0
9266 	| 0
2750 	| 0
20668 	| 0
3068 	| 0
5631 	| 0
16067 	| 0
19569 	| 0
2917 	| 0
6031 	| 0
2010 	| 0
8064 	| 0
20599 	| 0
179 	| 0
547 	| 0
1829 	| 1.96682e-006
1982 	| 0
3178 	| 0.00163217
4989 	| 0
18870 	| 0
20062 	| 0.00229722
22464 	| 0
6878 	| 0.0245144
11528 	| 0.0081741
22244 	| 0
11812 	| 0
24248 	| 0
8122 	| 0.0185029
9769 	| 0
15253 	| 0
16647 	| 0.0356485
22489 	| 0
23412 	| 0
25443 	| 0
8511 	| 0.0212601
22503 	| 0
13604 	| 0
4704 	| 0
8801 	| 1.96682e-006
12695 	| 0
15125 	| 0.0004041
15420 	| 0
25204 	| 0
385 	| 0.00196077
1323 	| 0
1606 	| 0.00115102
7072 	| 0
9890 	| 0
12849 	| 0
14377 	| 0
17981 	| 0
18234 	| 0
21220 	| 0.0675923
22225 	| 0
23506 	| 0.0493914
23620 	| 0.0031795
24332 	| 0
376 	| 0
2611 	| 4.91705e-006
16620 	| 1.96682e-006
1908 	| 8.85068e-006
16621 	| 0
12106 	| 0
1267 	| 0
1511 	| 0.0081741
15793 	| 0.0290096
18102 	| 0
20772 	| 0
23248 	| 0
26193 	| 0.00765407
10872 	| 0
2666 	| 0
24250 	| 0
9630 	| 0
10252 	| 0
16820 	| 0
22830 	| 0.0081741
14159 	| 0
5144 	| 0
24852 	| 3.93364e-006
8869 	| 0
299 	| 0.0145365
14174 	| 0
18746 	| 0
22051 	| 0.00662434
22075 	| 0
24713 	| 0.046077
14616 	| 0
17817 	| 0.0190394
2356 	| 0
6337 	| 0.0317266
17419 	| 0.084802
18105 	| 0
2773 	| 0
5661 	| 0
6529 	| 0
6543 	| 0
16486 	| 0
8523 	| 0.000890161
19964 	| 5.90046e-006
2342 	| 0
2516 	| 0
21998 	| 0.0081741
941 	| 0.00813697
13712 	| 0
16727 	| 0
22321 	| 0
23383 	| 0
25442 	| 0.0405631
19980 	| 0
5957 	| 2.36018e-005
7716 	| 0
11233 	| 0
14090 	| 0
18397 	| 0
25541 	| 0
2249 	| 0
6077 	| 0
6611 	| 0
8672 	| 0
19955 	| 0
21832 	| 0
3316 	| 0.0081741
9759 	| 0
11865 	| 0
3199 	| 0
19507 	| 1.96682e-006
12798 	| 0
855 	| 0
4261 	| 0
7772 	| 0
23299 	| 0
8871 	| 0
17090 	| 0
3772 	| 0
4104 	| 0
4431 	| 0
4967 	| 0
11152 	| 0
15616 	| 0
16262 	| 0
18995 	| 0
19562 	| 0.0124177
22087 	| 0
22109 	| 0
22839 	| 0
23683 	| 0
24477 	| 0.0124177
25304 	| 0.012045
14854 	| 0.0081741
24489 	| 0.0417025
6835 	| 0
24219 	| 0.00167364
3321 	| 0
1151 	| 0
2410 	| 0
3843 	| 0.0248792
6301 	| 0
10247 	| 0
15414 	| 0
18743 	| 0
22032 	| 0
22903 	| 0.00270945
23674 	| 0
24294 	| 0
24706 	| 0
25998 	| 0.00270945
2124 	| 0
3293 	| 0
5825 	| 0.0185145
628 	| 0
9413 	| 0.00112795
13641 	| 0
1962 	| 0.00717968
1613 	| 0
13992 	| 0
15217 	| 0
15665 	| 0
16154 	| 0.0326807
21159 	| 0
915 	| 0
10438 	| 0
18624 	| 0
20558 	| 0
10026 	| 0
15316 	| 0.000703026
17249 	| 0
18066 	| 0
12787 	| 0
21621 	| 0.00551989
24877 	| 0.0276625
93 	| 0.00959123
17343 	| 0
20328 	| 0.0463492
9103 	| 0
10684 	| 0
11878 	| 0
18557 	| 0.0081741
21101 	| 0
19909 	| 0
23474 	| 0
7093 	| 0
8000 	| 0
17395 	| 0
18582 	| 0
22375 	| 9.83409e-007
23419 	| 0
2593 	| 0
10433 	| 0
3231 	| 3.93364e-006
4705 	| 0
4773 	| 3.93364e-006
6411 	| 3.93364e-006
8549 	| 0
10500 	| 0
16352 	| 3.93364e-006
17546 	| 0
19808 	| 0
21931 	| 0
22369 	| 0
22466 	| 0
25159 	| 0
22815 	| 0.00685932
29 	| 0
16751 	| 0
750 	| 0
19641 	| 0
23480 	| 0
23652 	| 0
1278 	| 0.0314692
778 	| 0
1048 	| 0
16743 	| 0
22235 	| 0
4376 	| 0.00472495
18246 	| 0
3718 	| 0
7511 	| 0
6642 	| 0
17277 	| 0
18209 	| 0
7247 	| 0
9459 	| 0
11829 	| 0
10338 	| 1.11453e-005
7523 	| 0
12458 	| 1.31121e-006
12460 	| 0
14844 	| 0
16651 	| 0
19378 	| 1.31121e-006
161 	| 9.83409e-006
97 	| 0
3105 	| 0
11418 	| 0
19583 	| 0
21821 	| 0
22719 	| 6.88386e-006
21684 	| 9.83409e-007
22720 	| 0
24169 	| 0
16872 	| 0.0081741
24816 	| 0
9871 	| 0
17179 	| 0
19996 	| 0
380 	| 0
20078 	| 0
5061 	| 0
20317 	| 0
12411 	| 0.00357912
8922 	| 0
9488 	| 0
17182 	| 0
22894 	| 0
10041 	| 3.93364e-007
13995 	| 0
10383 	| 0
13319 	| 0
16115 	| 0.000408221
21583 	| 0.00336199
25229 	| 0
2074 	| 0
10996 	| 0.0144707
19080 	| 0.000198607
751 	| 0
2655 	| 0
20008 	| 0
25866 	| 0
2087 	| 3.69382e-005
2993 	| 0
4377 	| 0
6271 	| 0.00840952
7023 	| 0.0102677
13404 	| 0.0582811
1563 	| 8.74142e-007
2457 	| 8.74142e-007
3534 	| 8.74142e-007
4639 	| 0
5065 	| 8.74142e-007
6387 	| 8.74142e-007
14379 	| 8.74142e-007
15145 	| 0
15562 	| 8.74142e-007
15708 	| 8.74142e-007
15714 	| 8.74142e-007
15805 	| 8.74142e-007
17345 	| 0
17580 	| 8.74142e-007
17584 	| 0
18396 	| 0.00130777
18952 	| 8.74142e-007
19677 	| 8.74142e-007
20231 	| 0
23241 	| 0
24616 	| 0
24617 	| 0
24819 	| 8.74142e-007
1157 	| 0
16334 	| 0
9922 	| 0
2504 	| 0
19585 	| 0
9987 	| 0
21554 	| 0
19598 	| 1.96682e-006
11216 	| 0
13815 	| 0
7463 	| 0.033007
12318 	| 0.0081741
15150 	| 0
19800 	| 0.0163462
7695 	| 0
3827 	| 0
8595 	| 0
14691 	| 0
7025 	| 0
25540 	| 0.040839
3239 	| 0
11465 	| 0
11577 	| 0
6666 	| 0.0326787
17986 	| 0
21190 	| 0.0081741
9217 	| 0
2596 	| 0
23462 	| 0
23464 	| 0
25644 	| 0
3452 	| 0
6442 	| 0.0110085
9968 	| 0
14383 	| 0
14652 	| 0
17681 	| 0.0240696
20587 	| 6.21873e-005
21592 	| 0
2144 	| 0
2774 	| 0
3055 	| 0
3652 	| 0
3655 	| 0
3766 	| 0
3814 	| 0
6388 	| 0
7096 	| 0
9249 	| 0
12051 	| 0
12423 	| 0
12885 	| 0
14808 	| 0
15173 	| 0
15189 	| 0
15999 	| 0
18942 	| 0
19705 	| 0
20250 	| 0
21030 	| 0
21825 	| 0
25108 	| 0
13684 	| 0
18283 	| 0
19301 	| 0
21814 	| 0
1404 	| 0
2562 	| 0
11199 	| 0
18552 	| 0
17141 	| 0
11462 	| 0
11612 	| 0
24944 	| 0
5814 	| 0
17690 	| 0
1656 	| 9.83409e-006
4040 	| 0
5828 	| 0
11842 	| 0
21531 	| 0
1992 	| 0
3102 	| 0
12414 	| 1.96682e-006
18562 	| 0
24439 	| 2.6552e-005
14431 	| 0
20537 	| 0
20543 	| 9.83409e-007
21339 	| 0
1092 	| 1.96682e-006
3196 	| 0
23226 	| 0
4033 	| 0
20782 	| 0
23730 	| 0
4625 	| 0
12296 	| 0
20959 	| 0
3119 	| 0
19004 	| 0
7103 	| 0
2503 	| 0.0163443
5465 	| 0
18141 	| 0
20663 	| 0
7384 	| 0
6944 	| 0
12660 	| 0
14372 	| 0
26178 	| 0
7024 	| 0
17393 	| 0
17827 	| 0
24207 	| 2.62242e-006
1281 	| 0
3653 	| 0
10163 	| 0
12551 	| 2.62242e-006
17588 	| 0
18621 	| 2.62242e-006
25287 	| 0
9962 	| 3.93364e-006
2506 	| 0
10682 	| 0
22428 	| 0
6354 	| 0
15188 	| 0
19060 	| 0
10004 	| 0.0265468
25234 	| 0
18314 	| 0.0288407
3684 	| 0
5395 	| 0
5445 	| 0
11141 	| 0.00283552
18370 	| 0.00620256
19447 	| 0
20434 	| 0
4263 	| 0
6859 	| 0
17999 	| 0.000157199
18282 	| 0
9959 	| 0
6008 	| 0
20914 	| 0
5081 	| 0
12256 	| 1.96682e-006
17237 	| 0
8877 	| 0
3280 	| 0
13191 	| 0
13013 	| 0
18899 	| 0.0213989
21293 	| 0.0081741
1107 	| 0
6973 	| 0
2950 	| 0
9335 	| 0
25235 	| 0
25668 	| 0
6455 	| 0
19801 	| 0
65 	| 0.0141326
358 	| 0
8504 	| 0
21152 	| 0
19379 	| 0
19247 	| 0
18586 	| 0
27 	| 0
11114 	| 0
19081 	| 0
24726 	| 0
12320 	| 0
12321 	| 0
19222 	| 0
18344 	| 0
3292 	| 0
10391 	| 0
1857 	| 0
3967 	| 0
12053 	| 0.0163443
880 	| 2.95023e-006
252 	| 0
15418 	| 0
4019 	| 0
5626 	| 0
24957 	| 0
4148 	| 0
9863 	| 0
8457 	| 0
15478 	| 0
24203 	| 0
8557 	| 5.90046e-006
8308 	| 0
21288 	| 0
26191 	| 0
3516 	| 0.0245144
7053 	| 0
12618 	| 0
13144 	| 0.0163246
15413 	| 0.0326689
18634 	| 0
1378 	| 0
7877 	| 9.83409e-006
3852 	| 0
11622 	| 0
15422 	| 0
2984 	| 0
8731 	| 0
10564 	| 7.86727e-006
8970 	| 0
15187 	| 0
3850 	| 0
9128 	| 0
113 	| 0.0081741
4103 	| 0
12312 	| 0
17994 	| 0
20947 	| 0.00445674
26021 	| 0
3204 	| 0.00162891
25937 	| 0.00162891
2476 	| 0
18984 	| 0
187 	| 0
1821 	| 0
21386 	| 0
866 	| 0
17825 	| 0
20173 	| 0
6305 	| 0
7726 	| 0
14870 	| 0
14872 	| 0.0168814
20316 	| 0
1493 	| 0.00908098
2452 	| 0
3811 	| 0.00908098
9027 	| 0
14153 	| 0
1436 	| 0.000154577
20064 	| 0
20331 	| 0
13864 	| 0
21154 	| 0
10133 	| 0
18218 	| 0
3067 	| 0
18721 	| 0
1293 	| 0
2621 	| 0
2623 	| 0
3283 	| 0
3812 	| 0
3820 	| 0
3824 	| 0
4834 	| 0.0163443
5131 	| 0
6222 	| 0
6456 	| 0
6525 	| 0
6868 	| 0
7525 	| 0
8448 	| 0
9433 	| 0
12802 	| 0
13482 	| 0
13526 	| 0
14157 	| 0.0245105
14373 	| 0
15148 	| 0
17600 	| 0
17819 	| 0
17823 	| 0
17824 	| 0
18000 	| 0
18444 	| 0
22324 	| 0
22901 	| 0
24474 	| 0
24479 	| 0
24615 	| 0
26039 	| 0
844 	| 0
890 	| 0
11197 	| 0
13035 	| 0
16110 	| 0
26130 	| 0
1916 	| 0
20953 	| 0
24463 	| 0
15706 	| 1.96682e-006
374 	| 0
20776 	| 0
25449 	| 0
24341 	| 0
23135 	| 0
17818 	| 0
19697 	| 0.0136754
23219 	| 0
23809 	| 0.000212563
11583 	| 0
19252 	| 0
3195 	| 0
24597 	| 0
17280 	| 5.90046e-006
2785 	| 0
3682 	| 0
19956 	| 0
2879 	| 0
7861 	| 1.96682e-006
2355 	| 0
12704 	| 0
17297 	| 0.0081741
16227 	| 0
25219 	| 0
25089 	| 0.0163443
820 	| 0.0081741
2515 	| 0
194 	| 0
8628 	| 0
4425 	| 0.0245144
7278 	| 0
14559 	| 0
2459 	| 0
6380 	| 0
1025 	| 0
1026 	| 0
1696 	| 0
15197 	| 0
18195 	| 0
13832 	| 0
17114 	| 0
20489 	| 0
7088 	| 0
7546 	| 0.0163462
8146 	| 0
21028 	| 0
23418 	| 0
10897 	| 0
5548 	| 0
15898 	| 0.0081741
11924 	| 0
25437 	| 0
6159 	| 0
19554 	| 0
24878 	| 0
5577 	| 0
23881 	| 0
12387 	| 0
19520 	| 9.83409e-007
23084 	| 1.47511e-005
23554 	| 0
19931 	| 0
23553 	| 0
22888 	| 0
12547 	| 0
25181 	| 0
12617 	| 0
17388 	| 1.96682e-006
6037 	| 0
3431 	| 0
164 	| 0
2142 	| 0.0081741
13283 	| 0
23858 	| 0
24601 	| 0
800 	| 0
13167 	| 0
15485 	| 0
20260 	| 0
4275 	| 0.0245105
4081 	| 0
13625 	| 0
17878 	| 0
24471 	| 0
18122 	| 0.0441307
1699 	| 0
2303 	| 0.00109994
7878 	| 0
8541 	| 0.022588
8593 	| 0
17575 	| 0
17683 	| 0
17923 	| 0.000229393
18771 	| 0.00168968
24593 	| 0
25875 	| 0
12645 	| 0
16803 	| 0
12749 	| 0
16819 	| 0
24034 	| 0.000125316
17861 	| 0
5415 	| 0
4380 	| 0
16756 	| 0
3100 	| 0
18098 	| 0
16729 	| 0
2049 	| 0
9915 	| 0
19380 	| 0
1695 	| 0
1825 	| 0
6226 	| 0
14317 	| 0
20775 	| 0
4469 	| 0
9618 	| 0
11285 	| 0
12193 	| 0
2306 	| 0.00932528
10514 	| 0
3964 	| 0
4018 	| 0
9414 	| 0
12640 	| 0
16608 	| 0
16800 	| 0
4051 	| 1.96682e-006
21187 	| 0
21313 	| 7.86727e-006
26092 	| 9.83409e-006
11879 	| 0
21310 	| 0
2803 	| 0
2295 	| 0
5826 	| 0
22 	| 0.0389045
11183 	| 0
19440 	| 0.0081741
22618 	| 0.00764669
25043 	| 0.0134657
3074 	| 0
23416 	| 0
1101 	| 0
9030 	| 0.0163443
17854 	| 0
22487 	| 0
25891 	| 0
1823 	| 0
2003 	| 0
22031 	| 0
885 	| 0
2505 	| 0
17192 	| 0
19911 	| 0
25487 	| 0
6229 	| 1.96682e-006
6423 	| 0
7647 	| 0
1966 	| 0
8048 	| 0
15717 	| 0
10847 	| 0
10148 	| 0
4875 	| 0.0652826
4488 	| 0.0104978
15913 	| 0
11009 	| 1.96682e-005
20157 	| 0
21344 	| 2.36018e-005
22990 	| 0
23471 	| 0
3206 	| 1.96682e-006
6535 	| 0
6579 	| 0
2386 	| 0
16941 	| 0
8446 	| 0.0163443
18597 	| 0
11502 	| 0.0134194
11903 	| 0
12157 	| 0
12158 	| 0
24210 	| 0.00344448
12290 	| 1.96682e-006
17307 	| 0
20031 	| 0
1860 	| 0
3073 	| 0
4000 	| 0
17173 	| 0
3685 	| 0
25853 	| 0
8404 	| 0
25 	| 0
22891 	| 0
28 	| 0
7916 	| 3.93364e-006
21515 	| 0
21523 	| 0
4656 	| 0
18196 	| 0
23303 	| 0
24841 	| 0.0571616
4265 	| 0
5267 	| 0
5271 	| 1.96682e-006
7597 	| 0
7638 	| 0
7648 	| 0
11844 	| 0.0571361
7854 	| 0
1668 	| 0
4835 	| 0
15007 	| 0
10559 	| 0
18245 	| 0
10445 	| 0.0081741
21594 	| 0
22738 	| 0.000206867
6389 	| 0
6914 	| 0
18279 	| 0
7468 	| 0
10002 	| 0
12041 	| 0
14384 	| 0
17341 	| 0
24470 	| 0
15186 	| 0
8443 	| 0
15248 	| 0
13683 	| 0
21203 	| 0.0081741
21778 	| 0
26042 	| 0
3451 	| 0
7038 	| 0
17951 	| 0
833 	| 0
2810 	| 0
18145 	| 0
21799 	| 0
192 	| 0.0170696
4826 	| 0
4021 	| 0
26022 	| 0
6161 	| 0
7055 	| 0
19712 	| 0
21024 	| 1.77014e-005
8071 	| 0
17178 	| 1.57345e-005
23215 	| 0
3062 	| 0
16892 	| 0
19572 	| 0
7857 	| 0.0081741
11968 	| 0
19810 	| 0
14841 	| 0
920 	| 0.00175502
25904 	| 0
25829 	| 0
25849 	| 0
13355 	| 0.0100392
13022 	| 0
8077 	| 0
6300 	| 0
2117 	| 0
5182 	| 0
13311 	| 0
1879 	| 0
21548 	| 0
21809 	| 0
15609 	| 0
21177 	| 0.0163443
1174 	| 0
2712 	| 0
14176 	| 0
21018 	| 0
5479 	| 0
16124 	| 0
20807 	| 0
24334 	| 0
16415 	| 0
7046 	| 0
14710 	| 0
15682 	| 0
17157 	| 0
23093 	| 0
21547 	| 0
15357 	| 0.0171592
6076 	| 0
7311 	| 0
8629 	| 0
12615 	| 0
15163 	| 0
16483 	| 0
17731 	| 0.0330672
18913 	| 2.95023e-006
13990 	| 0
4555 	| 0
7482 	| 0
15681 	| 1.96682e-006
20793 	| 0
10346 	| 0.00409
15687 	| 0.0040841
19143 	| 0
19383 	| 0
6291 	| 0
19223 	| 0
19739 	| 0
20568 	| 0
8452 	| 0
22233 	| 0.00698689
12612 	| 0
14843 	| 0
19208 	| 0
20569 	| 0
17585 	| 0
15218 	| 0
19703 	| 0.00105621
7957 	| 0
18895 	| 0
4825 	| 0.0245144
8037 	| 0
9593 	| 0.0081741
14621 	| 0
19608 	| 0
15250 	| 0
15589 	| 0
4836 	| 0
11898 	| 0
1028 	| 0.0245105
9924 	| 9.89194e-005
12262 	| 9.89194e-005
15181 	| 0
2331 	| 0
17461 	| 0
188 	| 0
22920 	| 0
373 	| 0
21579 	| 0
23775 	| 0
11012 	| 0
8198 	| 0.00287554
13010 	| 0.00622903
320 	| 0.000499797
1897 	| 0
5602 	| 0
6024 	| 0
17464 	| 0
17590 	| 0
18042 	| 2.95023e-006
21315 	| 0
22770 	| 0
5483 	| 0
18884 	| 0
22727 	| 0
2487 	| 0
3052 	| 0.0122592
6711 	| 0
16232 	| 0
22725 	| 0.00408508
14991 	| 0
20560 	| 0
10356 	| 0
19062 	| 0
8973 	| 0
14600 	| 0
23138 	| 0
4372 	| 0
10880 	| 0
16598 	| 0.0245144
3851 	| 0
7011 	| 0
8702 	| 0
18159 	| 0
15200 	| 0
15617 	| 0
7807 	| 0
11828 	| 0
2352 	| 0
1855 	| 0
2527 	| 0
5057 	| 0
7094 	| 0
10432 	| 1.96682e-006
5774 	| 0
16891 	| 0
2624 	| 0
24202 	| 0
21314 	| 0
15572 	| 0
7356 	| 0
22556 	| 0
19102 	| 0
748 	| 0
8811 	| 0
22021 	| 0
2332 	| 0
18544 	| 0
21596 	| 0
16783 	| 0
15642 	| 0
17563 	| 0
12252 	| 0
22404 	| 1.96682e-006
9026 	| 0
18669 	| 0
19866 	| 0
25545 	| 3.93364e-006
8538 	| 0
19450 	| 0
7536 	| 0
7534 	| 0
3383 	| 0
1344 	| 0
18126 	| 0
1322 	| 0
10925 	| 0
15195 	| 0
16068 	| 0
17467 	| 0
11611 	| 0
20779 	| 0
24490 	| 0
4276 	| 0
24159 	| 5.90046e-006
717 	| 0
17865 	| 0
1376 	| 0
4267 	| 0
1289 	| 1.37677e-005
1560 	| 0
4365 	| 0
1915 	| 0
12263 	| 0
22000 	| 0
25136 	| 1.96682e-006
15259 	| 0
348 	| 0
5660 	| 0
15847 	| 0
16155 	| 0
315 	| 0
5629 	| 0.0245144
10499 	| 0
16718 	| 0
25599 	| 0
11969 	| 0
1967 	| 0
18996 	| 0
832 	| 0
3387 	| 0
4703 	| 0
7447 	| 0
9764 	| 0
10117 	| 0
14340 	| 0
14370 	| 0
15006 	| 0
16231 	| 0
16590 	| 0
16730 	| 0
19957 	| 0
21848 	| 0
22320 	| 0
15712 	| 0
19596 	| 0
5365 	| 0
7769 	| 0
15977 	| 0
17118 	| 0
1292 	| 0
6648 	| 0
10341 	| 0
14840 	| 0
16040 	| 0
10936 	| 5.90046e-006
19509 	| 0
19510 	| 0
23687 	| 0
17293 	| 0
15668 	| 0
25614 	| 0
26006 	| 0
22394 	| 0
10178 	| 0
3744 	| 0
24133 	| 0
19256 	| 0
3989 	| 0
17471 	| 0
510 	| 0
22285 	| 0
10679 	| 3.93364e-006
115 	| 0
5268 	| 0
8671 	| 0
23757 	| 0
830 	| 0
16802 	| 0
9053 	| 0
12504 	| 0
10850 	| 0
12644 	| 0
20528 	| 0
1589 	| 0
7603 	| 0
23759 	| 0
15208 	| 0
1561 	| 0
4484 	| 0
22379 	| 0
21558 	| 0
19683 	| 0
22744 	| 0
22746 	| 0
1981 	| 1.96682e-005
5468 	| 0
5668 	| 0
6908 	| 0
8187 	| 0
18034 	| 0
19879 	| 0
25444 	| 0
3818 	| 0
3388 	| 0
6735 	| 2.36018e-005
23167 	| 0
2806 	| 0
9209 	| 0
914 	| 0
2243 	| 0
3442 	| 0
5162 	| 0
18633 	| 0
5119 	| 0
10517 	| 0
13036 	| 0
6446 	| 0
8036 	| 0
25114 	| 0
21544 	| 0
13 	| 5.90046e-006
7596 	| 0
11196 	| 0
19170 	| 0
7090 	| 0.00164717
6350 	| 2.81911e-005
4495 	| 0
8372 	| 2.62242e-006
11823 	| 0
13628 	| 2.62242e-006
15246 	| 0
16014 	| 0
20332 	| 0
23710 	| 0
5137 	| 0
6884 	| 0
1013 	| 0
19011 	| 1.96682e-006
2123 	| 0
71 	| 0
20803 	| 1.96682e-006
6356 	| 0
25231 	| 0
1551 	| 0
8058 	| 1.96682e-006
2328 	| 0
8336 	| 0
24464 	| 0
12745 	| 0
19023 	| 0
10468 	| 0
8398 	| 0.0081741
9327 	| 0.0163443
8739 	| 0
13357 	| 3.93364e-006
25115 	| 0
25852 	| 0
403 	| 0
3200 	| 0
4264 	| 0
17468 	| 0
25510 	| 0
3279 	| 0
1782 	| 0
13521 	| 0
18784 	| 0
8976 	| 0.0081741
3910 	| 0
10513 	| 1.96682e-006
25059 	| 0
25595 	| 0
7477 	| 0
19257 	| 0
22961 	| 0
19906 	| 0
26102 	| 0
13749 	| 0.0298026
12121 	| 0
13034 	| 0
6079 	| 0
19941 	| 0
14135 	| 0
13325 	| 4.91705e-006
14502 	| 4.91705e-006
20926 	| 0
15899 	| 0
16338 	| 0
21390 	| 0
82 	| 0
3844 	| 0
7595 	| 0
8118 	| 0
15802 	| 0
15688 	| 0
22692 	| 0
4955 	| 0
4954 	| 0
5409 	| 0
8623 	| 0
11926 	| 0
8340 	| 0.00216129
5839 	| 0
7026 	| 0
12192 	| 0
3053 	| 0
20883 	| 0
787 	| 1.96682e-006
12940 	| 0
2222 	| 6.88386e-006
2215 	| 0
10792 	| 0
15695 	| 1.18009e-005
20422 	| 0
21309 	| 2.95023e-006
20379 	| 0
1549 	| 1.96682e-005
22766 	| 0
23168 	| 0
24732 	| 0
4272 	| 0
2557 	| 0
2247 	| 0
9606 	| 2.1635e-005
4958 	| 0
5973 	| 0
10884 	| 0
12122 	| 0
16353 	| 0
1427 	| 0.0081741
11037 	| 0
2981 	| 0
4427 	| 0
6669 	| 0
9865 	| 0
8449 	| 0
13490 	| 0
19528 	| 0
22577 	| 0
25440 	| 0
18366 	| 0
25217 	| 0
4750 	| 0
19147 	| 0
20174 	| 0
7588 	| 0
7590 	| 0
3599 	| 0
14130 	| 0
14302 	| 1.96682e-006
5432 	| 0
12676 	| 0
11721 	| 0
12151 	| 0
15221 	| 0
11792 	| 0
16831 	| 0
5667 	| 5.90046e-006
3297 	| 9.83409e-006
14770 	| 1.57345e-005
23461 	| 5.90046e-006
2329 	| 0
24846 	| 0
8367 	| 0
14894 	| 1.96682e-006
1670 	| 0
22927 	| 0
3362 	| 1.96682e-006
3347 	| 0
16957 	| 0
8969 	| 0
25649 	| 0
25839 	| 0
2938 	| 0
18581 	| 0
1024 	| 0
12552 	| 0
16513 	| 0
21593 	| 0
22325 	| 0
18970 	| 0
2409 	| 0
3522 	| 0
4286 	| 0
4288 	| 0
18278 	| 0
2201 	| 0
14868 	| 0
16226 	| 0
5211 	| 0
11028 	| 0
21171 	| 0
22730 	| 0
1187 	| 0
6290 	| 0
8161 	| 0.000254099
12054 	| 0
21468 	| 0
13677 	| 0
18288 	| 0
23206 	| 0
4110 	| 1.96682e-006
16523 	| 0
17696 	| 0
15641 	| 3.93364e-006
5466 	| 0
12801 	| 0
19548 	| 0
10352 	| 0
15423 	| 0
18144 	| 0
4959 	| 0
6867 	| 0
19110 	| 0
9149 	| 0
17346 	| 0
20319 	| 0
16042 	| 0
5533 	| 0
782 	| 0
11539 	| 0
15227 	| 5.90046e-006
16655 	| 0
18151 	| 0
21811 	| 0.0081741
254 	| 0
7572 	| 0
20150 	| 0
22312 	| 0
25226 	| 0
23621 	| 0
11623 	| 0
23306 	| 0.0652826
5960 	| 0
8705 	| 0
11662 	| 0
14094 	| 0
19014 	| 0
24575 	| 1.96682e-006
8255 	| 0
14842 	| 0
3719 	| 0
5067 	| 2.34926e-005
6907 	| 2.34926e-005
8072 	| 0
8375 	| 0
9025 	| 2.34926e-005
13649 	| 2.34926e-005
19545 	| 0
25060 	| 0
25289 	| 2.34926e-005
15683 	| 0
19923 	| 0
20664 	| 0
21824 	| 0
25359 	| 0
1989 	| 0
4106 	| 0
7515 	| 0
17782 	| 0
18231 	| 0
18628 	| 0
17785 	| 3.93364e-006
15583 	| 0
24272 	| 0
18091 	| 0
24456 	| 0
25211 	| 0
11971 	| 0
938 	| 0
5087 	| 0
17936 	| 0
7636 	| 0
12554 	| 0
4278 	| 0
18183 	| 0
10522 	| 0
10561 	| 0
25678 	| 0
1660 	| 0
3377 	| 7.86727e-006
23068 	| 0
25631 	| 0
1383 	| 0
6737 	| 0
9988 	| 0
14620 	| 0
822 	| 0
9518 	| 0
16358 	| 0
18238 	| 0
4777 	| 5.90046e-006
15396 	| 0
26180 	| 0
19064 	| 0
360 	| 0
2304 	| 0
7602 	| 0
8307 	| 0
9514 	| 0
1959 	| 0
9723 	| 0
21713 	| 0
25470 	| 0
5446 	| 0
5632 	| 0
20433 	| 0
18558 	| 0
10818 	| 0
11016 	| 0
25596 	| 0
6513 	| 0
25138 	| 0
17275 	| 0
16801 	| 0
19451 	| 0
9579 	| 1.77014e-005
16932 	| 0
6534 	| 0
11561 	| 0
22381 	| 0
12863 	| 0
18390 	| 0
1836 	| 0
8400 	| 0
13387 	| 0
22048 	| 0
23424 	| 0
8153 	| 0
15182 	| 0
16728 	| 0
22319 	| 0
8054 	| 0
24504 	| 0
22605 	| 0
21623 	| 0
7479 	| 7.86727e-006
2754 	| 0
5511 	| 0
7265 	| 0
10056 	| 0
13390 	| 0
25176 	| 0
10382 	| 0
25482 	| 0
2223 	| 0
4266 	| 0
20216 	| 0
16643 	| 0
20035 	| 0
6170 	| 1.96682e-006
8881 	| 0
16609 	| 0
372 	| 0
14131 	| 0
12113 	| 0
16886 	| 3.93364e-006
142 	| 0
18626 	| 0
8735 	| 0
25062 	| 0
1793 	| 0
5481 	| 0
3754 	| 0.0163443
8185 	| 0
16496 	| 0
9039 	| 0
11911 	| 0
18613 	| 0
10497 	| 0
357 	| 0
23300 	| 0
24960 	| 0
21303 	| 0
734 	| 0
19221 	| 0
17470 	| 0
18772 	| 0
21949 	| 0
18194 	| 0
5697 	| 0
14358 	| 0
8558 	| 0
13717 	| 0
8534 	| 0
8676 	| 0
14639 	| 0
2073 	| 0
1662 	| 0
2613 	| 0
9224 	| 9.83409e-007
10154 	| 0
11410 	| 0
16830 	| 9.83409e-007
4144 	| 0
18596 	| 0
23771 	| 0
16622 	| 0
18454 	| 0
13031 	| 3.93364e-006
8738 	| 0
13334 	| 0
13620 	| 0
16312 	| 0
16314 	| 0
20515 	| 0
23915 	| 0.000747275
12266 	| 0.000747275
15678 	| 0.000747275
17134 	| 0.000747275
21436 	| 0.000747275
23146 	| 0
23488 	| 0.000747275
25575 	| 0.000747275
11991 	| 0
3186 	| 0
14182 	| 0
17537 	| 0
15358 	| 0
18036 	| 0
18338 	| 0
9631 	| 0
10898 	| 0
14175 	| 0
12307 	| 0
22980 	| 0
5387 	| 0
18156 	| 0
19145 	| 0
23760 	| 0
1983 	| 0
13012 	| 0
20943 	| 0
22110 	| 0
5231 	| 0
22311 	| 0
20084 	| 0
6576 	| 0
1621 	| 0
7109 	| 0
9018 	| 0
14374 	| 0
18299 	| 1.31121e-006
19687 	| 0
12751 	| 0
6307 	| 0
13486 	| 0
4259 	| 0
18688 	| 0
4630 	| 0
9921 	| 0
10672 	| 0
12512 	| 0
831 	| 0
11280 	| 0
15154 	| 0
14132 	| 0
4034 	| 0
9715 	| 1.18009e-005
9717 	| 0
8512 	| 0
25492 	| 0
25511 	| 0
1798 	| 0
4828 	| 0
5404 	| 0
24462 	| 0
11641 	| 0
14338 	| 0
22729 	| 0
677 	| 0
4426 	| 0
4242 	| 0
19466 	| 0
7543 	| 0
24128 	| 0
17581 	| 0
10446 	| 0
11411 	| 0
24242 	| 0
5853 	| 0
5492 	| 0
9979 	| 0
18094 	| 0.0081741
8870 	| 0
9831 	| 0
12473 	| 0
18388 	| 0
20654 	| 0
9867 	| 0
4037 	| 0
25663 	| 0
4196 	| 0
15401 	| 0
1051 	| 0
4245 	| 0
25664 	| 0
24140 	| 0
16823 	| 0
5571 	| 0
13802 	| 0
19553 	| 0
25447 	| 0
15962 	| 0
19892 	| 0
18417 	| 0
4643 	| 0
20320 	| 0
14990 	| 0
25975 	| 0
24708 	| 0
19443 	| 0
23492 	| 0
8395 	| 0
8725 	| 0
11054 	| 0
14763 	| 0
4432 	| 0
5062 	| 0
19881 	| 0
20766 	| 0
11718 	| 0
15553 	| 0
15374 	| 0
5490 	| 0
8474 	| 0
1976 	| 0
23672 	| 0
12295 	| 0
9189 	| 0
2116 	| 0
9765 	| 0
9774 	| 0
12034 	| 0
17935 	| 0
12248 	| 0
98 	| 0
10116 	| 0
4181 	| 0
17992 	| 0
8409 	| 0
2248 	| 0
11579 	| 0
15073 	| 0
16922 	| 0
20925 	| 0
22645 	| 0
13415 	| 0
7585 	| 0
15386 	| 0
23772 	| 0
735 	| 0
6078 	| 0
74 	| 0
2298 	| 0
16129 	| 0
8717 	| 0
10638 	| 0
13558 	| 0
8669 	| 0
9038 	| 0
12213 	| 0
21710 	| 0
22318 	| 0
24888 	| 0
22728 	| 0
2561 	| 0
23094 	| 0
1969 	| 0
8472 	| 0
24141 	| 0
16971 	| 0
5228 	| 0
20170 	| 0
18608 	| 1.96682e-006
14339 	| 0
22816 	| 0
7280 	| 0
7267 	| 0
20309 	| 0
8891 	| 0
11893 	| 0
25667 	| 0
6776 	| 0
24733 	| 0
18455 	| 0
2334 	| 0
10180 	| 0
17587 	| 0
11215 	| 0
23156 	| 0
23970 	| 0
7718 	| 0
19502 	| 0
3748 	| 0
17503 	| 0
10602 	| 0
20805 	| 0
11467 	| 0
19575 	| 0
4038 	| 0
7058 	| 0
23811 	| 0
1878 	| 0
12338 	| 0
15800 	| 0
9130 	| 0
25095 	| 0
20066 	| 0
1010 	| 0
2749 	| 0
5829 	| 0
11642 	| 0
25230 	| 0
5256 	| 0
5257 	| 0
22827 	| 0
16015 	| 0
22938 	| 0
15774 	| 0
20333 	| 0
4262 	| 0
6701 	| 0
10407 	| 0
5406 	| 0
22435 	| 0
11120 	| 5.90046e-006
16340 	| 0
17851 	| 0
20233 	| 0
4366 	| 0
410 	| 0
9211 	| 0
13413 	| 0
19473 	| 0
23812 	| 0
24214 	| 0
4116 	| 0
25496 	| 0
19314 	| 0
19880 	| 0
25543 	| 0
26019 	| 0
26048 	| 0
24820 	| 0
20707 	| 0
5486 	| 0
8366 	| 0
5261 	| 0
6282 	| 0
18908 	| 0
25531 	| 0
12050 	| 0
5364 	| 0
14 	| 0
14171 	| 0
14845 	| 0
5232 	| 0
19521 	| 0
